     0, 1.574846, 0.000000
     1, -0.185522, 0.000000
     2, -0.748812, 0.000000
     3, -0.039143, 0.000000
     4, 0.219080, 0.000000
     5, -0.039667, 0.000000
     6, -0.558961, 0.000000
     7, -0.160762, 0.000000
     8, 0.013197, 0.000000
     9, 0.008840, 0.000000
    10, 0.171875, 0.000000
    11, -0.400996, 0.000000
    12, -0.409369, 0.000000
    13, 0.195305, 0.000000
    14, -0.109408, 0.000000
    15, 0.264152, 0.000000
    16, -0.042681, 0.000000
    17, 0.089181, 0.000000
    18, 0.270934, 0.000000
    19, 0.061790, 0.000000
    20, -0.228712, 0.000000
    21, 0.385585, 0.000000
    22, 0.648082, 0.000000
    23, -0.142206, 0.000000
    24, 0.763693, 0.000000
    25, -0.734995, 0.000000
    26, -0.341136, 0.000000
    27, 0.434982, 0.000000
    28, -0.071068, 0.000000
    29, -0.232818, 0.000000
    30, -0.545960, 0.000000
    31, -0.010089, 0.000000
    32, 0.204118, 0.000000
    33, 0.207320, 0.000000
    34, 0.096356, 0.000000
    35, 0.104613, 0.000000
    36, 0.045630, 0.000000
    37, -0.777009, 0.000000
    38, -0.228953, 0.000000
    39, 0.134487, 0.000000
    40, 0.120846, 0.000000
    41, 0.306909, 0.000000
    42, 0.061714, 0.000000
    43, -0.093128, 0.000000
    44, 0.085840, 0.000000
    45, 0.218579, 0.000000
    46, -0.031035, 0.000000
    47, 0.138196, 0.000000
    48, 0.987640, 0.000000
    49, -0.164331, 0.000000
    50, 0.430209, 0.000000
    51, 0.275736, 0.000000
    52, -0.343482, 0.000000
    53, -0.490752, 0.000000
    54, -0.492629, 0.000000
    55, 0.288289, 0.000000
    56, 0.512927, 0.000000
    57, 0.309860, 0.000000
    58, -1.169316, 0.000000
    59, -0.242716, 0.000000
    60, 0.007547, 0.000000
    61, 0.199371, 0.000000
    62, 0.530538, 0.000000
    63, 0.159075, 0.000000
    64, -0.077556, 0.000000
    65, -0.187188, 0.000000
    66, -0.653395, 0.000000
    67, -0.469452, 0.000000
    68, -1.096189, 0.000000
    69, -1.465306, 0.000000
    70, -6.333173, 0.000000
    71, -4.251456, 0.000000
    72, -3.518775, 0.000000
    73, -3.939309, 0.000000
    74, -2.914049, 0.000000
    75, -3.919044, 0.000000
    76, -4.483487, 0.000000
    77, -8.699844, 0.000000
    78, -5.062243, 0.000000
    79, -4.604333, 0.000000
    80, -4.668464, 0.000000
    81, -5.539970, 0.000000
    82, -5.807818, 0.000000
    83, -5.286748, 0.000000
    84, -5.225156, 0.000000
    85, -3.813265, 0.000000
    86, -2.242636, 0.000000
    87, -1.012317, 0.000000
    88, 0.615453, 0.000000
    89, 2.261941, 0.000000
    90, 2.356221, 0.000000
    91, 1.948999, 0.000000
    92, 2.842223, 0.000000
    93, -3.757070, 0.000000
    94, -4.136241, 0.000000
    95, -2.789424, 0.000000
    96, 0.755436, 0.000000
    97, 1.540615, 0.000000
    98, -0.325662, 0.000000
    99, -0.907102, 0.000000
   100, -0.389934, 0.000000
   101, 0.021036, 0.000000
   102, 0.026483, 0.000000
   103, 0.093974, 0.000000
   104, 0.184331, 0.000000
   105, 0.280915, 0.000000
   106, -0.365775, 0.000000
   107, 0.614547, 0.000000
   108, -0.787750, 0.000000
   109, -0.470836, 0.000000
   110, 0.021940, 0.000000
   111, 0.490783, 0.000000
   112, -0.086727, 0.000000
   113, -0.039694, 0.000000
   114, -0.635774, 0.000000
   115, -0.379848, 0.000000
   116, 0.381852, 0.000000
   117, 0.155844, 0.000000
   118, -0.484901, 0.000000
   119, 0.799936, 0.000000
   120, 0.173449, 0.000000
   121, 0.111509, 0.000000
   122, 0.120334, 0.000000
   123, -0.506381, 0.000000
   124, 0.178893, 0.000000
   125, 0.050733, 0.000000
   126, 0.076888, 0.000000
   127, -0.604108, 0.000000
   128, -0.350091, 0.000000
   129, -0.359559, 0.000000
   130, -2.986470, 0.000000
   131, -3.863759, 0.000000
   132, -4.237334, 0.000000
   133, -4.307451, 0.000000
   134, -4.588563, 0.000000
   135, -3.702657, 0.000000
   136, -5.166894, 0.000000
   137, -5.802314, 0.000000
   138, -5.516982, 0.000000
   139, -6.231027, 0.000000
   140, -5.783282, 0.000000
   141, -6.161269, 0.000000
   142, -4.891100, 0.000000
   143, -5.233602, 0.000000
   144, -7.963921, 0.000000
   145, -5.644080, 0.000000
   146, -6.364614, 0.000000
   147, -5.129377, 0.000000
   148, -5.996038, 0.000000
   149, -5.854963, 0.000000
   150, -5.991218, 0.000000
   151, -5.657289, 0.000000
   152, -4.953723, 0.000000
   153, -5.182575, 0.000000
   154, -5.140090, 0.000000
   155, -7.242779, 0.000000
   156, -6.013781, 0.000000
   157, -6.144812, 0.000000
   158, -4.774572, 0.000000
   159, -4.959070, 0.000000
   160, -4.423820, 0.000000
   161, -2.503536, 0.000000
   162, -2.580967, 0.000000
   163, -2.843632, 0.000000
   164, -2.028316, 0.000000
   165, -1.309018, 0.000000
   166, -0.405538, 0.000000
   167, -0.587230, 0.000000
   168, -0.921641, 0.000000
   169, -0.706228, 0.000000
   170, -0.680925, 0.000000
   171, -0.659588, 0.000000
   172, -0.568850, 0.000000
   173, -0.810387, 0.000000
   174, -1.046663, 0.000000
   175, -0.565534, 0.000000
   176, -0.311533, 0.000000
   177, 0.317702, 0.000000
   178, -1.536330, 0.000000
   179, -0.396103, 0.000000
   180, 0.524974, 0.000000
   181, 1.733051, 0.000000
   182, 2.073178, 0.000000
   183, 3.003432, 0.000000
   184, 2.826828, 0.000000
   185, 3.308787, 0.000000
   186, 3.051593, 0.000000
   187, 3.332534, 0.000000
   188, 3.446470, 0.000000
   189, 5.109368, 0.000000
   190, 4.270059, 0.000000
   191, 4.674267, 0.000000
   192, 3.630823, 0.000000
   193, 2.952020, 0.000000
   194, 2.710918, 0.000000
   195, 5.169628, 0.000000
   196, 4.097016, 0.000000
   197, 4.339740, 0.000000
   198, 3.411574, 0.000000
   199, 4.346832, 0.000000
   200, 5.761688, 0.000000
   201, 3.756162, 0.000000
   202, 4.057341, 0.000000
   203, 3.342441, 0.000000
   204, 3.405128, 0.000000
   205, 4.187569, 0.000000
   206, 3.711252, 0.000000
   207, 4.102654, 0.000000
   208, 4.447020, 0.000000
   209, 4.350039, 0.000000
   210, 3.445428, 0.000000
   211, 3.252922, 0.000000
   212, 3.186248, 0.000000
   213, 4.531164, 0.000000
   214, 3.999887, 0.000000
   215, 3.743211, 0.000000
   216, 3.237376, 0.000000
   217, 5.887772, 0.000000
   218, 4.519855, 0.000000
   219, 4.076355, 0.000000
   220, 3.495707, 0.000000
   221, 3.095491, 0.000000
   222, 3.978462, 0.000000
   223, 4.025527, 0.000000
   224, 3.985373, 0.000000
   225, 1.918810, 0.000000
   226, 0.894699, 0.000000
   227, 0.594489, 0.000000
   228, 0.458393, 0.000000
   229, -0.111710, 0.000000
   230, -1.470223, 0.000000
   231, -1.089533, 0.000000
   232, -1.586315, 0.000000
   233, -0.971730, 0.000000
   234, -0.899184, 0.000000
   235, -1.605727, 0.000000
   236, -1.620152, 0.000000
   237, -0.921855, 0.000000
   238, -1.649900, 0.000000
   239, -2.934942, 0.000000
   240, -1.544944, 0.000000
   241, -1.402753, 0.000000
   242, -1.390332, 0.000000
   243, -1.971445, 0.000000
   244, -1.406656, 0.000000
   245, -2.076657, 0.000000
   246, -1.547951, 0.000000
   247, -1.817226, 0.000000
   248, -1.733129, 0.000000
   249, -2.171995, 0.000000
   250, -2.783479, 0.000000
   251, -1.194271, 0.000000
   252, -1.474170, 0.000000
   253, -1.889914, 0.000000
   254, -1.775650, 0.000000
   255, -3.293679, 0.000000
   256, -2.044419, 0.000000
   257, -1.220179, 0.000000
   258, -0.316860, 0.000000
   259, -1.462604, 0.000000
   260, -2.484515, 0.000000
   261, -2.833990, 0.000000
   262, -1.624824, 0.000000
   263, -0.471450, 0.000000
   264, -1.276105, 0.000000
   265, -2.049499, 0.000000
   266, -3.272193, 0.000000
   267, -2.100818, 0.000000
   268, -1.206348, 0.000000
   269, -0.767425, 0.000000
   270, -0.983434, 0.000000
   271, -1.821286, 0.000000
   272, -3.049688, 0.000000
   273, -1.721920, 0.000000
   274, 0.343121, 0.000000
   275, -0.711147, 0.000000
   276, -1.452682, 0.000000
   277, -0.506030, 0.000000
   278, 0.412928, 0.000000
   279, -0.023640, 0.000000
   280, -1.166460, 0.000000
   281, -0.460661, 0.000000
   282, -0.144377, 0.000000
   283, 0.074288, 0.000000
   284, -3.436687, 0.000000
   285, -0.341647, 0.000000
   286, 1.060740, 0.000000
   287, 1.101286, 0.000000
   288, -1.308700, 0.000000
   289, -0.616561, 0.000000
   290, -0.384632, 0.000000
   291, -0.286960, 0.000000
   292, 0.030474, 0.000000
   293, 0.212860, 0.000000
   294, -0.795569, 0.000000
   295, -0.154069, 0.000000
   296, -0.610311, 0.000000
   297, -0.314165, 0.000000
   298, -0.150815, 0.000000
   299, 0.355183, 0.000000
   300, -0.471538, 0.000000
   301, -0.925798, 0.000000
   302, 2.362776, 0.000000
   303, 1.014185, 0.000000
   304, -0.483327, 0.000000
   305, -3.599445, 0.000000
   306, -1.719801, 0.000000
   307, 0.352512, 0.000000
   308, 1.446020, 0.000000
   309, 1.456321, 0.000000
   310, 1.115678, 0.000000
   311, 0.309556, 0.000000
   312, -0.336365, 0.000000
   313, -0.414166, 0.000000
   314, 0.311173, 0.000000
   315, -0.435389, 0.000000
   316, -0.214088, 0.000000
   317, 0.726150, 0.000000
   318, -0.933355, 0.000000
   319, 0.561900, 0.000000
   320, 0.005301, 0.000000
   321, 0.277252, 0.000000
   322, 0.317559, 0.000000
   323, 0.082603, 0.000000
   324, -0.686072, 0.000000
   325, -1.203794, 0.000000
   326, 0.221576, 0.000000
   327, 0.518508, 0.000000
   328, 0.202155, 0.000000
   329, -0.087694, 0.000000
   330, -0.845625, 0.000000
   331, -0.395219, 0.000000
   332, -1.294628, 0.000000
   333, -2.713386, 0.000000
   334, -1.416135, 0.000000
   335, -1.863395, 0.000000
   336, -2.173629, 0.000000
   337, -2.181009, 0.000000
   338, -2.859132, 0.000000
   339, -2.682366, 0.000000
   340, -2.787153, 0.000000
   341, -2.130981, 0.000000
   342, -1.348081, 0.000000
   343, -2.608399, 0.000000
   344, -2.660135, 0.000000
   345, -6.701468, 0.000000
   346, -2.506128, 0.000000
   347, -2.104098, 0.000000
   348, -2.243890, 0.000000
   349, -2.018105, 0.000000
   350, -2.951252, 0.000000
   351, -2.126319, 0.000000
   352, -5.987777, 0.000000
   353, -2.839025, 0.000000
   354, -3.069739, 0.000000
   355, -1.990971, 0.000000
   356, -3.335935, 0.000000
   357, -2.816763, 0.000000
   358, -2.191834, 0.000000
   359, -3.492388, 0.000000
   360, -2.572057, 0.000000
   361, -1.536724, 0.000000
   362, -1.681381, 0.000000
   363, -2.460254, 0.000000
   364, -0.095582, 0.000000
   365, -1.863933, 0.000000
   366, -0.908642, 0.000000
   367, -0.223342, 0.000000
   368, -0.014989, 0.000000
   369, -0.006738, 0.000000
   370, 0.059646, 0.000000
   371, -0.323399, 0.000000
   372, -0.641994, 0.000000
   373, -0.363427, 0.000000
   374, -0.357931, 0.000000
   375, -0.987724, 0.000000
   376, -1.246048, 0.000000
   377, 3.415720, 0.000000
   378, 1.380992, 0.000000
   379, -0.537375, 0.000000
   380, -0.982402, 0.000000
   381, -3.153857, 0.000000
   382, -1.854905, 0.000000
   383, -1.628494, 0.000000
   384, -1.868900, 0.000000
   385, -1.461873, 0.000000
   386, -0.987361, 0.000000
   387, -1.339891, 0.000000
   388, -1.294926, 0.000000
   389, -1.845455, 0.000000
   390, -2.939236, 0.000000
   391, -4.202678, 0.000000
   392, -1.733684, 0.000000
   393, -1.708851, 0.000000
   394, -1.314251, 0.000000
   395, -1.473200, 0.000000
   396, -1.950793, 0.000000
   397, -1.881273, 0.000000
   398, -2.774105, 0.000000
   399, -2.760581, 0.000000
   400, -1.852111, 0.000000
   401, -1.715774, 0.000000
   402, -3.551982, 0.000000
   403, -2.099455, 0.000000
   404, -1.775027, 0.000000
   405, -1.389494, 0.000000
   406, -1.882750, 0.000000
   407, -1.989511, 0.000000
   408, -2.171046, 0.000000
   409, -2.493889, 0.000000
   410, -1.719298, 0.000000
   411, -1.514868, 0.000000
   412, -2.283346, 0.000000
   413, -1.929085, 0.000000
   414, -2.856182, 0.000000
   415, -1.825984, 0.000000
   416, -2.554643, 0.000000
   417, -2.320339, 0.000000
   418, -1.179910, 0.000000
   419, -1.255394, 0.000000
   420, -1.415255, 0.000000
   421, -3.936057, 0.000000
   422, -2.431081, 0.000000
   423, -1.841591, 0.000000
   424, -1.599622, 0.000000
   425, -2.771262, 0.000000
   426, -2.710094, 0.000000
   427, -1.831044, 0.000000
   428, -1.507331, 0.000000
   429, -0.983215, 0.000000
   430, -0.232120, 0.000000
   431, -0.089398, 0.000000
   432, -0.172774, 0.000000
   433, -0.353955, 0.000000
   434, -0.032916, 0.000000
   435, -0.058958, 0.000000
   436, 0.005504, 0.000000
   437, -0.564203, 0.000000
   438, -0.075537, 0.000000
   439, -0.634593, 0.000000
   440, -0.535632, 0.000000
   441, 0.138794, 0.000000
   442, -0.404381, 0.000000
   443, -0.020255, 0.000000
   444, 0.013443, 0.000000
   445, -0.037706, 0.000000
   446, -0.190062, 0.000000
   447, 0.230057, 0.000000
   448, 0.043237, 0.000000
   449, -2.680464, 0.000000
   450, -0.762488, 0.000000

