     0, 0.010353, 0.010029
     1, 0.010709, 0.009451
     2, 0.011928, 0.010417
     3, 0.010798, 0.011776
     4, 0.012106, 0.007997
     5, 0.021685, 0.000527
     6, 0.015003, 0.008086
     7, 0.010061, 0.011820
     8, 0.011153, 0.010563
     9, 0.011458, 0.009635
    10, 0.011827, 0.010118
    11, 0.012792, 0.009502
    12, 0.010849, 0.009642
    13, 0.010633, 0.010690
    14, 0.010544, 0.010423
    15, 0.011573, 0.011109
    16, 0.012779, 0.007482
    17, 0.013631, 0.008244
    18, 0.011408, 0.008791
    19, 0.013783, 0.008956
    20, 0.011598, 0.010328
    21, 0.009820, 0.010614
    22, 0.011331, 0.009350
    23, 0.011535, 0.009604
    24, 0.009439, 0.013592
    25, 0.012055, 0.010258
    26, 0.010950, 0.010620
    27, 0.011420, 0.011350
    28, 0.013720, 0.007698
    29, 0.011230, 0.011204
    30, 0.009401, 0.011833
    31, 0.010925, 0.010506
    32, 0.012132, 0.010836
    33, 0.012640, 0.010537
    34, 0.012398, 0.009191
    35, 0.012970, 0.010315
    36, 0.008130, 0.012691
    37, 0.010772, 0.010417
    38, 0.011878, 0.009921
    39, 0.011624, 0.010595
    40, 0.011420, 0.008981
    41, 0.014113, 0.009381
    42, 0.011522, 0.009426
    43, 0.012691, 0.010252
    44, 0.010404, 0.010398
    45, 0.011509, 0.008899
    46, 0.010531, 0.010976
    47, 0.011141, 0.011007
    48, 0.011789, 0.010817
    49, 0.011382, 0.008943
    50, 0.012297, 0.010429
    51, 0.013796, 0.007673
    52, 0.012881, 0.008606
    53, 0.014787, 0.007247
    54, 0.011141, 0.009502
    55, 0.009807, 0.012564
    56, 0.012843, 0.007419
    57, 0.013758, 0.006707
    58, 0.010442, 0.012456
    59, 0.008384, 0.013338
    60, 0.010074, 0.011255
    61, 0.010696, 0.010296
    62, 0.011014, 0.010772
    63, 0.010899, 0.011027
    64, 0.009807, 0.010747
    65, 0.013465, 0.007971
    66, 0.011217, 0.009794
    67, 0.011230, 0.009978
    68, 0.018255, 0.004586
    69, 0.026563, -0.002763
    70, 0.022498, -0.000178
    71, 0.010747, 0.009305
    72, 0.012640, 0.007698
    73, 0.015079, 0.007692
    74, 0.017162, 0.005697
    75, 0.026880, -0.002477
    76, 0.030183, -0.007901
    77, 0.021710, 0.000299
    78, 0.015142, 0.005812
    79, 0.016832, 0.004719
    80, 0.014876, 0.006161
    81, 0.015955, 0.005399
    82, 0.019334, 0.001366
    83, 0.025826, -0.003093
    84, 0.015841, 0.005805
    85, 0.013034, 0.008473
    86, 0.011458, 0.010398
    87, 0.007749, 0.012360
    88, 0.009108, 0.011858
    89, 0.008346, 0.011986
    90, 0.025051, -0.004618
    91, 0.021621, -0.000851
    92, 0.017035, 0.006174
    93, 0.016324, 0.006123
    94, 0.014863, 0.007717
    95, 0.005767, 0.016699
    96, 0.008549, 0.012252
    97, 0.011128, 0.011878
    98, 0.012474, 0.010156
    99, 0.012551, 0.009940
   100, 0.011522, 0.010823
   101, 0.010429, 0.009756
   102, 0.009883, 0.010137
   103, 0.011319, 0.012201
   104, 0.012373, 0.009515
   105, 0.010264, 0.011058
   106, 0.011065, 0.011325
   107, 0.011268, 0.009286
   108, 0.012487, 0.010467
   109, 0.012055, 0.010912
   110, 0.010264, 0.010188
   111, 0.011789, 0.011407
   112, 0.011306, 0.011236
   113, 0.011776, 0.009553
   114, 0.012246, 0.010512
   115, 0.011090, 0.009305
   116, 0.008702, 0.012671
   117, 0.011979, 0.011020
   118, 0.009032, 0.011389
   119, 0.011979, 0.010537
   120, 0.010595, 0.011026
   121, 0.008994, 0.011192
   122, 0.011967, 0.008448
   123, 0.010938, 0.009381
   124, 0.009083, 0.011357
   125, 0.011458, 0.011166
   126, 0.012348, 0.010652
   127, 0.011916, 0.011401
   128, 0.008066, 0.012716
   129, 0.016540, 0.003906
   130, 0.017835, 0.003341
   131, 0.015231, 0.005824
   132, 0.015905, 0.007222
   133, 0.015536, 0.007501
   134, 0.015320, 0.007495
   135, 0.015536, 0.005119
   136, 0.017251, 0.005215
   137, 0.016895, 0.003887
   138, 0.018814, 0.002522
   139, 0.015867, 0.004459
   140, 0.016756, 0.005259
   141, 0.018102, 0.005266
   142, 0.016717, 0.003398
   143, 0.019906, 0.001347
   144, 0.016781, 0.003709
   145, 0.014647, 0.006555
   146, 0.017276, 0.004865
   147, 0.017582, 0.003443
   148, 0.016985, 0.005304
   149, 0.018013, 0.004738
   150, 0.017035, 0.005583
   151, 0.014964, 0.005983
   152, 0.015574, 0.006822
   153, 0.018343, 0.002426
   154, 0.020897, -0.000737
   155, 0.012043, 0.008460
   156, 0.018089, 0.003804
   157, 0.014380, 0.005640
   158, 0.015320, 0.007076
   159, 0.014990, 0.006028
   160, 0.013808, 0.007254
   161, 0.013631, 0.008575
   162, 0.015015, 0.006765
   163, 0.014088, 0.008752
   164, 0.012106, 0.009451
   165, 0.011192, 0.011122
   166, 0.009477, 0.011268
   167, 0.011243, 0.008797
   168, 0.011675, 0.010582
   169, 0.012665, 0.008613
   170, 0.011408, 0.010264
   171, 0.012030, 0.011020
   172, 0.010023, 0.010099
   173, 0.013897, 0.007736
   174, 0.013453, 0.010118
   175, 0.012195, 0.008365
   176, 0.010861, 0.011382
   177, 0.011471, 0.011573
   178, 0.010722, 0.010861
   179, 0.012068, 0.009661
   180, 0.010442, 0.012144
   181, 0.008651, 0.013370
   182, 0.008029, 0.012259
   183, 0.008080, 0.015314
   184, 0.004750, 0.015955
   185, 0.008549, 0.012754
   186, 0.008486, 0.011928
   187, 0.008168, 0.014475
   188, 0.007711, 0.015720
   189, 0.005170, 0.017740
   190, 0.008574, 0.014069
   191, 0.007596, 0.015187
   192, 0.008791, 0.014037
   193, 0.008549, 0.014704
   194, -0.002883, 0.024981
   195, 0.006110, 0.014387
   196, 0.008778, 0.014602
   197, 0.007927, 0.015549
   198, 0.007520, 0.012976
   199, 0.003963, 0.018509
   200, 0.014152, 0.006078
   201, 0.010379, 0.012405
   202, 0.008384, 0.014660
   203, 0.008600, 0.013599
   204, 0.007381, 0.015949
   205, 0.007089, 0.016273
   206, 0.007736, 0.012691
   207, 0.004687, 0.019258
   208, 0.009959, 0.011497
   209, 0.007495, 0.012799
   210, 0.008245, 0.013688
   211, 0.007622, 0.014564
   212, 0.003392, 0.019029
   213, 0.006199, 0.015383
   214, 0.008016, 0.014513
   215, 0.007787, 0.014786
   216, 0.002883, 0.021532
   217, 0.004446, 0.015860
   218, 0.007761, 0.014425
   219, 0.006034, 0.014900
   220, 0.007431, 0.012570
   221, 0.009134, 0.011954
   222, 0.007406, 0.014729
   223, 0.007559, 0.015657
   224, 0.008880, 0.014037
   225, 0.011509, 0.010442
   226, 0.016438, 0.005176
   227, 0.011345, 0.012068
   228, 0.012983, 0.009858
   229, 0.017099, 0.004611
   230, 0.012704, 0.007660
   231, 0.008828, 0.013040
   232, 0.011852, 0.009832
   233, 0.012881, 0.008047
   234, 0.013847, 0.008950
   235, 0.014152, 0.009102
   236, 0.011154, 0.009820
   237, 0.012208, 0.009769
   238, 0.017721, 0.005170
   239, 0.013161, 0.009788
   240, 0.013059, 0.007851
   241, 0.011026, 0.009495
   242, 0.012881, 0.009699
   243, 0.013669, 0.009737
   244, 0.013618, 0.006778
   245, 0.013656, 0.009324
   246, 0.014622, 0.007711
   247, 0.013808, 0.009223
   248, 0.014316, 0.007349
   249, 0.015688, 0.006891
   250, 0.012412, 0.009959
   251, 0.012017, 0.010239
   252, 0.013135, 0.009508
   253, 0.013262, 0.007273
   254, 0.021825, 0.000165
   255, 0.017328, 0.003645
   256, 0.012259, 0.009845
   257, 0.011687, 0.010499
   258, 0.014164, 0.006835
   259, 0.016946, 0.003937
   260, 0.018077, 0.005494
   261, 0.013567, 0.008848
   262, 0.010938, 0.011312
   263, 0.011840, 0.008168
   264, 0.016057, 0.006320
   265, 0.021329, 0.000248
   266, 0.007673, 0.014774
   267, 0.008422, 0.012817
   268, 0.012462, 0.009172
   269, 0.012983, 0.007450
   270, 0.014012, 0.006764
   271, 0.014558, 0.008162
   272, 0.014317, 0.008943
   273, 0.005234, 0.018185
   274, 0.011624, 0.011598
   275, 0.015625, 0.006923
   276, 0.012017, 0.008562
   277, 0.012335, 0.009230
   278, 0.010315, 0.011623
   279, 0.017836, 0.004160
   280, 0.013008, 0.008270
   281, 0.008536, 0.012989
   282, 0.010734, 0.010525
   283, 0.011827, 0.010398
   284, 0.011586, 0.011351
   285, 0.008155, 0.013396
   286, 0.011929, 0.009432
   287, 0.013694, 0.009484
   288, 0.012818, 0.009032
   289, 0.012157, 0.010150
   290, 0.011370, 0.011160
   291, 0.011941, 0.009750
   292, 0.009413, 0.011363
   293, 0.013580, 0.008282
   294, 0.012132, 0.010429
   295, 0.011636, 0.011033
   296, 0.011916, 0.011446
   297, 0.012919, 0.009305
   298, 0.010379, 0.009998
   299, 0.010810, 0.010830
   300, 0.014266, 0.007908
   301, 0.010594, 0.011636
   302, 0.011459, 0.012315
   303, 0.016921, 0.004548
   304, 0.019602, 0.002121
   305, 0.011776, 0.010073
   306, -0.010531, 0.031028
   307, 0.010391, 0.013077
   308, 0.009388, 0.011427
   309, 0.009629, 0.011064
   310, 0.011915, 0.010029
   311, 0.012639, 0.009235
   312, 0.014138, 0.007635
   313, 0.011382, 0.011751
   314, 0.011713, 0.011484
   315, 0.010709, 0.010512
   316, 0.009413, 0.011567
   317, 0.013618, 0.010607
   318, 0.004713, 0.018528
   319, 0.004992, 0.016445
   320, 0.008994, 0.011287
   321, 0.010239, 0.011744
   322, 0.011764, 0.009013
   323, 0.014571, 0.007807
   324, 0.011077, 0.009076
   325, 0.012614, 0.008778
   326, 0.009947, 0.013231
   327, 0.011534, 0.011725
   328, 0.010403, 0.009680
   329, 0.011496, 0.009261
   330, 0.012856, 0.010455
   331, 0.011903, 0.008314
   332, 0.018064, 0.003550
   333, 0.013402, 0.009388
   334, 0.012805, 0.009597
   335, 0.013720, 0.009578
   336, 0.012856, 0.007908
   337, 0.015701, 0.005119
   338, 0.016857, 0.006580
   339, 0.012246, 0.008060
   340, 0.013897, 0.007342
   341, 0.011127, 0.009051
   342, 0.012868, 0.007419
   343, 0.025547, -0.001556
   344, 0.032965, -0.010664
   345, 0.006047, 0.017080
   346, 0.011954, 0.008397
   347, 0.012170, 0.009356
   348, 0.012475, 0.008232
   349, 0.014724, 0.007253
   350, 0.028468, -0.006675
   351, 0.028734, -0.007298
   352, 0.018369, 0.002706
   353, 0.013465, 0.007507
   354, 0.013580, 0.009515
   355, 0.012436, 0.009362
   356, 0.012742, 0.007647
   357, 0.022358, 0.000508
   358, 0.018826, 0.002604
   359, 0.015536, 0.008225
   360, 0.014063, 0.008181
   361, 0.012017, 0.010563
   362, 0.016336, 0.006047
   363, 0.015345, 0.006707
   364, 0.014114, 0.007698
   365, 0.013186, 0.009248
   366, 0.011395, 0.011402
   367, 0.012499, 0.008949
   368, 0.012093, 0.010715
   369, 0.009376, 0.012392
   370, 0.012907, 0.009000
   371, 0.012182, 0.010194
   372, 0.012652, 0.010689
   373, 0.011065, 0.008969
   374, 0.012220, 0.010950
   375, 0.011407, 0.009979
   376, 0.008193, 0.013611
   377, 0.004852, 0.016534
   378, 0.012932, 0.007356
   379, 0.011560, 0.008607
   380, 0.013376, 0.008206
   381, 0.012690, 0.007355
   382, 0.012589, 0.008847
   383, 0.010417, 0.010588
   384, 0.012030, 0.009210
   385, 0.012246, 0.008676
   386, 0.011140, 0.009038
   387, 0.011535, 0.009356
   388, 0.013441, 0.007425
   389, 0.024619, -0.002687
   390, 0.024213, -0.000660
   391, 0.009133, 0.011534
   392, 0.014735, 0.008492
   393, 0.012029, 0.008117
   394, 0.012411, 0.008645
   395, 0.013783, 0.009673
   396, 0.012486, 0.007685
   397, 0.015816, 0.005533
   398, 0.015968, 0.005120
   399, 0.011992, 0.008308
   400, 0.011497, 0.010087
   401, 0.012233, 0.009267
   402, 0.014608, 0.007349
   403, 0.014138, 0.009419
   404, 0.012361, 0.008562
   405, 0.011266, 0.008848
   406, 0.012017, 0.008644
   407, 0.012627, 0.009286
   408, 0.014621, 0.006949
   409, 0.012461, 0.009089
   410, 0.013021, 0.009921
   411, 0.011775, 0.008606
   412, 0.013403, 0.007895
   413, 0.010683, 0.012005
   414, 0.013897, 0.008606
   415, 0.012423, 0.010067
   416, 0.010785, 0.010099
   417, 0.013605, 0.009165
   418, 0.010810, 0.009616
   419, 0.012412, 0.007927
   420, 0.020299, 0.002420
   421, 0.015231, 0.008079
   422, 0.011738, 0.008848
   423, 0.011700, 0.008676
   424, 0.014774, 0.007558
   425, 0.012703, 0.007381
   426, 0.011992, 0.008861
   427, 0.011878, 0.009489
   428, 0.010340, 0.011153
   429, 0.010314, 0.011147
   430, 0.009705, 0.012735
   431, 0.010176, 0.011490
   432, 0.010467, 0.010201
   433, 0.010759, 0.010385
   434, 0.011521, 0.009647
   435, 0.010188, 0.011033
   436, 0.012373, 0.009680
   437, 0.013262, 0.009616
   438, 0.013148, 0.009134
   439, 0.010772, 0.009737
   440, 0.010568, 0.010322
   441, 0.011636, 0.009420
   442, 0.013009, 0.010118
   443, 0.009997, 0.010430
   444, 0.011014, 0.009902
   445, 0.010290, 0.010016
   446, 0.010594, 0.010194
   447, 0.010214, 0.010931
   448, 0.017493, 0.004700
   449, 0.014749, 0.006306
   450, 0.009069, 0.013630

