0, 0
10, 0
8, 0
10, 0
10, 0
10, 0
10, 0
10, 0
10, 0
10, 0
10, 0
10, 0
10, 0
10, 0
10, 0
10, 0
10, 0
10, 0
10, 0
10, 0
10, 0
10, 0
10, 0
10, 0
10, 0
10, 0
10, 0
10, 0
10, 0
10, 0
10, 0
10, 0
10, 0
10, 0
10, 0
10, 0
10, 0
10, 0
10, 0
10, 0
10, 0
10, 0
10, 0
10, 0
10, 0
10, 0
10, 0
10, 0
10, 0
10, 0
10, 0
10, 0
10, 0
10, 0
10, 0
10, 0
10, 0
10, 0
10, 0
10, 0
10, 0
10, 0
10, 0
10, 0
10, 0
10, 0
10, 0
10, 0
10, 0
10, 0
10, -1
10, -1
9, -2
9, -3
9, -3
9, -4
8, -5
8, -6
7, -6
6, -7
5, -8
5, -8
4, -9
3, -9
2, -9
1, -10
0, -10
0, -10
0, -10
0, -10
1, -10
1, -10
1, -10
1, -10
1, -10
1, -10
0, -10
0, -10
0, -10
0, -10
0, -10
0, -10
0, -10
0, -10
0, -10
0, -10
0, -10
0, -10
0, -10
0, -10
0, -10
0, -10
0, -10
0, -10
0, -10
0, -10
0, -10
0, -10
0, -10
0, -10
0, -10
0, -10
0, -10
0, -10
0, -10
0, -10
0, -10
0, -10
0, -10
0, -10
0, -10
0, -10
0, -10
-1, -10
-2, -10
-2, -10
-3, -9
-4, -8
-5, -8
-6, -7
-7, -6
-7, -6
-8, -5
-9, -4
-9, -3
-9, -2
-10, -1
-10, 0
-10, 0
-10, 1
-10, 2
-9, 3
-9, 3
-8, 4
-8, 5
-7, 6
-6, 7
-5, 8
-4, 8
-4, 9
-3, 9
-2, 9
-2, 10
-1, 10
-1, 10
-1, 10
0, 10
0, 10
0, 10
0, 10
0, 10
0, 10
0, 10
0, 10
0, 10
0, 10
0, 10
0, 10
0, 10
0, 10
0, 10
0, 10
0, 10
0, 10
0, 10
-1, 10
-2, 10
-2, 10
-3, 10
-4, 10
-4, 9
-5, 9
-6, 8
-6, 8
-7, 7
-7, 7
-8, 6
-8, 6
-9, 5
-9, 4
-9, 3
-10, 2
-10, 2
-10, 1
-10, 0
-10, 0
-10, 0
-10, 0
-10, -1
-10, -2
-9, -2
-9, -3
-9, -4
-9, -5
-9, -5
-8, -6
-8, -6
-7, -7
-6, -7
-6, -8
-5, -8
-4, -9
-4, -9
-3, -9
-3, -10
-2, -10
-2, -10
-2, -10
-2, -10
-2, -10
-2, -10
-2, -9
-2, -9
-2, -10
-2, -10
-2, -10
-3, -10
-3, -10
-3, -9
-3, -9
-4, -9
-4, -9
-4, -8
-5, -8
-5, -8
-6, -8
-6, -8
-6, -8
-6, -8
-7, -7
-7, -7
-7, -7
-7, -6
-7, -6
-8, -6
