0,0,0
10.0799823861366,-0.016319353205594,-3.23796973488492
11.1718869887692,-0.10918171526302,-13.0692348784438
11.2854355385466,-0.187906227584244,-0.68317422910814
10.0503512319187,-0.151556161361384,3.82366732526918
11.104985828659,-0.150069379557598,-0.69231975438859
11.5424278177329,-0.216294468553905,-9.75570984024002
10.9370728543018,-0.273677005803708,-2.80582621209112
10.8542434649035,-0.285591112215714,0.230331101385692
10.542904398395,-0.27537043351673,0.1542871058763
10.9691932311282,-0.269194770275114,2.99978465186525
11.1430529999989,-0.29575606729264,-6.99870048732718
10.2396928769812,-0.344257877551366,-7.14483690559667
10.6547867960247,-0.378140872484378,3.40871529560752
10.4771781333308,-0.363974198595606,-1.90952982802196
11.3346740967171,-0.378439302254686,4.61032212572806
10.125492466478,-0.318477339150817,-0.744923978043703
10.932231342836,-0.339411202892995,1.55650208022106
10.0955616870798,-0.28168139508789,4.72869035559832
11.3659493063495,-0.284102247756645,1.0784389448073
10.9591588372419,-0.289908586482901,-3.99177743882127
10.21376802513,-0.256198676421204,6.72972779630233
10.3391117215439,-0.16603925365828,11.3111647229099
10.5687808541093,-0.123061609903487,-2.48196291609106
11.5151920107146,-0.0716237601543204,13.3289573244331
11.1562247307073,-0.0665969680249704,-12.8280827356957
10.7837117746437,-0.165655514139195,-5.95394639708338
11.383768978531,-0.165548431933193,7.59186808690997
10.7083076284174,-0.121712906952921,-1.24037059280733
11.2158902654998,-0.15723049088174,-4.06344065790816
10.6146602182047,-0.220962787247276,-9.52879958418824
10.7119707437103,-0.274995889443998,-0.176086268233708
11.4806941405612,-0.275279072147551,3.56253116258579
11.5860865638429,-0.236186072138943,3.61841660523464
10.7928016676652,-0.191402586708467,1.68172945405166
11.6410121513597,-0.186023347005841,1.82584129038883
10.4093799075602,-0.152690739371117,0.796393737685013
10.5920716937478,-0.22299610994188,-13.5613653676286
10.8946441949557,-0.325069276512701,-3.99598368231858
11.1042785631612,-0.340486674709583,2.34724095112961
10.1963775274854,-0.289908596307913,2.10916058786507
11.7434051039735,-0.290026921839473,5.35657255400328
10.471584377934,-0.224913337660181,1.07711249457578
11.4687856556739,-0.249477178275751,-1.62539022579728
10.3985247185342,-0.226857759488098,1.49819062991193
10.2021216165726,-0.195459053737567,3.81492322571669
10.7518495729395,-0.188388384858679,-0.541662933356439
11.0724744163421,-0.183648704060123,2.41197521308608
11.3026018250306,-0.0764040949898809,17.2375698243968
10.1624955991291,0.00431866956156907,-2.8681170130948
11.362930491256,0.0311934218266835,7.50856352171228
10.7340639581232,0.0955970636519442,4.81250106627908
10.7431125589785,0.0893259005210652,-5.99489182133516
11.0169604285865,0.0113965720174372,-8.56523821074721
10.3211742552195,-0.0778970477495929,-8.59799804080714
11.1850013240196,-0.10436316637354,5.03159224728193
10.1309384701732,-0.0236905920345601,8.95226497237696
10.2323675934929,0.0495428028343993,5.40807722022963
11.4487608557294,-0.0304358371621197,-20.40841419625
10.8597731764222,-0.16269957638902,-4.23619334727056
10.6629530256465,-0.181639363628576,0.13171999864801
10.4947778758163,-0.159819204722713,3.47968038299361
10.8925337707437,-0.0964844021877354,9.25963490694567
10.962952279604,-0.0311305603613934,2.77638250760998
10.2769759415208,-0.0218716944773018,-1.35360755467672
10.7178896575311,-0.047572167466552,-3.26704692022314
10.5047149107824,-0.123688410827518,-11.4038940660683
10.6015029874958,-0.228738590590053,-8.19348308007242
11.4132371550489,-0.402317641590468,-19.1321072741441
11.879948723525,-0.68490886387026,-25.574414249228
11.0663928760525,-1.39778143875537,-110.534720948407
9.78643344952312,-2.16801365593845,-74.201905203668
9.75491927508898,-2.86663789237143,-61.4142093868635
10.6895895774821,-3.91295650517135,-68.7539123034453
10.4778630234357,-4.56286092852415,-50.8597496144482
10.8744676736562,-5.52851876461695,-68.4002213305287
9.53223413525262,-5.76151628256621,-78.251610120363
8.6937900462738,-6.72937927361794,-151.840922209874
7.45458163383284,-7.35699357512713,-88.3528078860353
7.00256280184763,-8.18614940237729,-80.360770708228
6.16721251307517,-8.51722576078043,-81.4800678108245
5.46552696232727,-9.16720004141108,-96.6907169617102
4.39344003393105,-9.36634895084926,-101.365546456592
3.80827234690961,-10.7052671544957,-92.2711593232253
2.67718597387656,-10.4827879567757,-91.1961761303368
1.83135111249511,-10.5943965120647,-66.5540295010616
1.28991618476204,-10.8509010886079,-39.1413821237556
0.902834145741327,-10.0137520916824,-17.6682647239115
0.905154188207913,-10.443798554244,10.7416812412766
1.13172501956815,-10.1021449499519,39.4783179358531
1.54545375190129,-10.0982045867975,41.1238143546333
1.95543517602259,-10.198730275823,34.016449668077
2.65936348103246,-11.2944496786243,49.6061494259108
2.48457027166238,-10.9429764095698,-65.5732417279034
1.73565641140272,-11.1533066564943,-72.1910241059829
1.05359516941572,-11.1823658295677,-48.6846330341504
0.79166393532637,-10.3702507897685,13.1848454880958
1.10518071663412,-11.4494372119102,26.8888042556124
1.20649778493398,-11.2504774749684,-5.68387414862981
1.07872219816241,-11.1935243438288,-15.8319165514256
0.945787253176067,-11.1323744517499,-6.80563216547148
0.821985551716309,-10.0589708647837,0.367147461449502
0.819403422462228,-9.97640597847316,0.462215545805611
0.974975590049665,-11.7195132832303,1.64015571126908
0.933809073248804,-10.9040833319221,3.21718286349371
0.952779806520865,-10.6183286803257,4.90289166823987
0.992245535810343,-11.1509214036375,-6.38397807148228
0.933098422191692,-10.2345026155916,10.7258685582536
1.0247723332778,-11.4310671300057,-13.7488311825853
0.899676749461231,-11.4481706791947,-8.21763843691992
0.761218145256426,-10.1976282368759,0.382925237887521
0.915087068325993,-11.5618076956825,8.56577926281532
0.928901906078194,-11.2326558744393,-1.51367170037719
0.867191225592312,-10.6291831802521,-0.692790993286563
0.858419024231449,-11.3465161704296,-11.0963495985745
0.679139025765552,-10.174841303965,-6.6295982571154
0.711892190160435,-10.6627420984433,6.66457465532533
0.819882601354127,-11.4702315251746,2.71999091947794
0.698730149810256,-10.1865334715337,-8.46311899621299
0.801283971850975,-11.2293565820274,13.9615170052334
0.861006058317071,-10.7761537464665,3.02725613429167
0.828876995239258,-10.0589054957715,1.94619919560646
0.858860607096723,-10.1713016083711,2.10022450209491
0.820709653367002,-10.1262630849502,-8.83801571954135
0.796484031899913,-10.1889120290136,3.12227185877023
0.904185124852019,-11.2758052882908,0.885457889414187
0.931978242712073,-11.462172425353,1.34194875527349
0.891346744323784,-11.6243220901465,-10.5436736376379
0.708144331267424,-10.3668257762691,-6.11024063159937
0.633519792095472,-10.2033346849008,-6.27548840517833
0.347293495683521,-10.5811035343196,-52.1237345120351
-0.283830630442794,-10.5216777795214,-67.4353160535637
-1.1272934880362,-11.5057728047371,-73.9554298067013
-1.97359521482321,-11.3454081722875,-75.1792023183222
-2.82000714032626,-11.0502976942476,-80.0855322851885
-3.26986103498694,-9.79429179117619,-64.6235557220156
-4.36892658883903,-10.3444323778359,-90.17931240154
-4.93709501805795,-9.13814690862102,-101.269483534562
-5.96946075800153,-8.83650713252992,-96.2895006732616
-6.51785499572188,-7.79117308219546,-108.751936930665
-7.90435504988662,-7.65397869407247,-100.937312471323
-9.1893951739922,-7.20689747347347,-107.534430151059
-8.47232323722413,-5.41402180397477,-85.3657990442946
-9.42106926069608,-4.90789797925073,-91.3435866389602
-9.56204497251634,-3.65492045190574,-138.996642818719
-10.2768047953835,-2.58411236065759,-98.5077792459617
-10.9541473371059,-1.56097870824801,-111.083469918527
-10.5000527106318,-0.433311801936065,-89.524517226069
-11.1220506799634,0.621739333821036,-104.650605174696
-11.2266505882472,1.80326084704241,-102.188381932445
-10.9162150563261,2.93483192812583,-104.566480304749
-9.7822121431459,3.73007199082587,-98.7383197868574
-10.0462722382757,4.93857525589447,-86.4587765817713
-8.87517366031698,5.38475883007861,-90.4529974815453
-8.10983436693746,5.98070727466349,-89.7114943488355
-7.54121437517186,6.93422433058677,-126.410340544302
-7.14546218430345,8.28602836575587,-104.960278943877
-5.69483383561931,8.22635781614012,-107.247201316058
-5.46724854453395,9.76892265283236,-83.3320017735311
-4.33445737922,9.56988157700522,-86.5520993368749
-3.54484848947489,9.91367372441754,-77.2102245155759
-3.09961182245777,10.6606474002953,-43.6949461422085
-2.57335051556407,10.5806386762383,-45.0463720353209
-2.17047654615077,11.2106495577692,-49.6307411150712
-1.59706290053063,10.6589549224674,-35.400792470881
-1.33120099375283,11.0770545946588,-22.8466740678712
-1.08340200719759,10.315742686741,-7.07797334195259
-0.960209564488168,9.97384172341853,-10.2490969664863
-0.920484007903677,11.0902457637826,-16.085669971373
-0.729298599587813,10.6139065144709,-12.3260038697746
-0.611889414429023,10.8186461881629,-11.884383209142
-0.516149092137375,11.5133725823505,-11.5119823066445
-0.342813706630474,10.0551165227573,-9.9283054499697
-0.238419201437856,10.8137818597553,-14.1439213653589
-0.06880625594885,11.7851352712131,-18.2677155088014
0.0846107686274244,10.2796100626744,-9.87043033197388
0.176652924586906,11.1200832402176,-5.4372765786157
0.182394217819182,11.5205414890409,5.54494594017108
0.28555839275124,10.7873977965214,-26.8140168971644
0.470599258468929,10.85428148097,-6.91330152702729
0.476470553146702,11.2829044400431,9.16252478736457
0.24769888504883,11.0072936206672,30.2474460549806
-0.108697647637546,10.14286420467,36.1837820799114
-0.64314765415896,11.6779639977059,52.4197772597583
-1.09413622422627,10.2934631575934,49.3374559875663
-1.69085387249746,10.5149388161015,57.7492273971858
-2.17682919471274,9.97093969180174,53.2603452808109
-3.02653914763007,10.9078087579644,58.1636907346565
-3.79370099015275,11.0823911194704,60.1522490712094
-4.50650060077329,10.5271812316542,89.1752942960373
-5.29026461380799,10.0065052334176,74.5265888044164
-6.09156656551957,9.62222080370395,81.5813492673181
-6.78646356101575,9.17495051167999,63.3698159071381
-7.43841204638374,8.93395928168922,51.5224685847229
-7.47984001239288,8.13078233707415,47.3144448515797
-7.43793640672885,7.04539701001639,90.2270297032892
-9.10670722291795,7.32569209568373,71.5064187068881
-9.66015347960447,6.66304893607472,75.7427516804987
-8.80862458010268,5.23436836069263,59.5431989754331
-10.0230674710211,5.07200868614638,75.8665304310502
-9.38854999820293,3.75262090280132,100.560426072647
-10.8906584648436,3.33537843332504,65.5573941382954
-11.2188484984176,2.61504392574907,70.8139593261592
-10.948236306851,1.81661421214399,58.3366005036519
-11.5983796365348,1.22872651353403,59.4306950518493
-11.6693888492272,0.458691746701129,73.0868667044464
-10.2072283170068,-0.302663344639215,64.7735667712248
-11.912704893546,-1.16918069933872,71.6048203701156
-10.5662363676551,-1.84034464038171,77.6151409020382
-9.83116994904881,-2.50205077860194,75.9225031401618
-10.4177037518727,-3.42042899503725,60.1340627404032
-10.3179146022086,-4.06967286266618,56.774199210559
-10.1798169239593,-4.69193489903713,55.6105183850843
-9.47148967309724,-5.16487048445891,79.0837307478363
-9.45923540189558,-6.11230728619538,69.8111978577183
-9.04280076954883,-6.75037290335212,65.3313565468694
-9.31849229318005,-7.88347097320036,56.5028703250441
-7.20186481891827,-7.15023581158086,102.761007006732
-7.12893472451381,-8.49524203661439,78.8863514627285
-6.10725942663021,-8.49783892112516,71.1458162301333
-5.28651830918564,-8.48714940596118,61.0115968350136
-5.05035761518097,-9.2543386746648,54.0265099158517
-4.69136282502341,-10.0215499490369,69.4372610654785
-4.17488233895763,-10.8286934573148,70.2587002779298
-3.36440408386279,-10.9510309110564,69.5578807700841
-2.6785106854415,-10.6431162041704,33.4895522201923
-2.37940386861041,-10.5416940304199,15.6154433643008
-2.42885091674988,-11.451707122353,10.3757904168886
-2.26676837085532,-11.1932517932949,8.00046711809443
-2.12233505097381,-10.6455005333198,-1.94970730740285
-2.12834948293228,-9.95678482212769,-25.6602320885486
-2.52382382086397,-10.6385650721724,-19.0159381591313
-2.74816981083253,-10.4875649257569,-27.6864197237738
-2.87768751696948,-10.0603969105439,-16.9598879404045
-3.31318584968343,-10.9062337746461,-15.6937213812527
-3.62187916604828,-11.0480890833086,-28.025223038171
-3.54595048097123,-9.86894504729846,-28.2769867827712
-3.94407163146793,-10.2561604136908,-16.0894049759723
-4.3466931314613,-10.5875718195897,-28.7961873286544
-4.77843359335867,-10.4308166155467,-51.2244012550676
-4.72238033476607,-9.32735365748827,-26.9643595589311
-4.86846271062064,-9.03164838533321,-24.4826584422282
-5.59756101197428,-9.80434374429351,-24.2658710958379
-6.09778716790843,-9.98817744339508,-34.4082062719795
-5.56798446762713,-8.54350802423598,-24.5507786429333
-6.5628677912436,-9.43050446603311,-36.2445020845881
-6.66490896563504,-8.9589132432476,-27.0168416095387
-7.14144727201516,-9.03301473860674,-31.7165769528467
-6.97790636316475,-8.28510301662677,-30.2488074117968
-7.56210195075963,-8.38165628290866,-37.9084640868541
-7.8441436813374,-7.97246605549595,-48.5808732101192
-8.07503260362741,-7.65648411826547,-20.8439611110851
-8.39451581897568,-7.59614347155813,-25.729120234125
-7.81180225141212,-6.66241275679968,-32.9852218795361
-8.58925011728123,-6.86331786493355,-30.9909388630372
-8.47265436991432,-6.17661158201555,-57.4855430537942
-9.22378443036834,-6.087326640554,-35.6818428403298
-9.42860910214946,-5.84391382261495,-21.2961410136918
-8.99770300974531,-5.41115143366189,-5.53025026786935
-9.03024740927205,-5.24152970822778,-25.5272554528392
-10.3897611144531,-5.56139468973349,-43.3629670651867
-10.11470663942,-4.82443356593953,-49.4624564685942
-10.2196427594589,-4.39502362546507,-28.3585285654242
-9.26091139277213,-3.78351311744163,-8.22835475852735
-10.4205663390739,-4.0729786091448,-22.2722338511621
-10.1574195377269,-3.63402676978564,-35.7705055663313
-10.7302024869733,-3.28564645032081,-57.1105416107107
-10.2881274286914,-2.62974909730063,-36.6661910851622
-10.552793369961,-2.37523023747499,-21.0547445248483
-10.0042310440596,-2.07139398163125,-13.3940930121175
-10.2031105858108,-1.95049458344543,-17.164161276058
-11.2063360652131,-1.85923799993748,-31.7874373204776
-11.5423290894468,-1.41407528474191,-53.2270967585609
-11.6713624074637,-0.9388131864555,-30.0531734559408
-11.5839648769859,-0.791628587092252,5.98859118273554
-11.2501047635079,-0.732521049807366,-12.4118566156799
-10.2782751111312,-0.474551939663947,-25.3540838844564
-10.7779172813761,-0.313128728726464,-8.83188961386683
-10.9646051115476,-0.309636829868731,7.20695317367515
-10.9924990958588,-0.347801540429016,-0.412595835171281
-10.6364157240037,-0.225991499561928,-20.3585675928131
-10.7622039728005,-0.0758151080811897,-8.04005118552942
-10.6294806404741,-0.0187557560599183,-2.51985401415178
-11.112491836888,-0.0128111506160211,1.29657019472162
-11.4622251032152,0.323201235138515,-59.9815035104863
-10.7553360429967,0.658637090419356,-5.96286502956112
-10.6642640751832,0.585912831322366,18.5134055076048
-11.5813048115539,0.417330812068739,19.2210667061183
-10.9169464651419,0.413177701672041,-22.8411239208497
-11.1368067107869,0.609014023273291,-10.7610194893888
-11.2423695319298,0.713355267901394,-6.71309480853077
-10.8195103122146,0.750213955160728,-5.00839682152288
-10.3614830530221,0.741761685436049,0.531871636252568
-10.9047236950256,0.757380159005727,3.7151078457951
-11.249179685563,0.838804012157746,-13.885298476799
-11.2957444729636,0.936466571451966,-2.68901132525512
-11.6343116275773,1.04271943493728,-10.651936411139
-11.0592617948968,1.08118600877083,-5.4832136445282
-10.1360485465905,1.0324689708805,-2.63221831139537
-10.7662217524424,1.07726239287875,6.19911279711083
-11.0307547051653,1.11504521654771,-8.22989064826896
-11.0440705851138,1.25261405126686,-16.1582233083783
-11.8263044521625,1.19133058957632,41.2382206871014
-10.7073705035142,0.760722375834022,17.7008674743386
-10.837608442006,0.719531745591029,-8.43564751378656
-10.8660177718307,1.11135613912494,-62.8221664944473
-10.1355638394983,1.5146657242725,-30.0161899290909
-11.5835925988798,1.87261960367735,6.15249505279003
-10.2986406764241,1.49943565735178,25.2378100496884
-10.2727417398904,1.23088430584029,25.4175964159362
-10.9204550648235,1.060491103274,19.4722544920651
-10.898083921294,0.92165333755112,5.40277141930368
-10.8475463019351,0.919935373712488,-5.87067673847086
-11.5184558825078,1.05285981640779,-7.22856034981501
-11.5493803379313,1.06615449192649,5.4309933933081
-10.5644886238576,0.986787016517665,-7.59897157696576
-10.4388331248743,1.03476323951712,-3.73654048900951
-12.0585641523221,1.14093078698263,12.6737083633568
-11.5667063521617,1.11549910506914,-16.2901178399517
-10.6655657563673,1.06349826596508,9.80700506695609
-10.0953172800958,0.956195163437812,0.0925199036481139
-10.9450371548069,1.00945440123856,4.83896025773944
-10.3493959254931,0.900366570510847,5.54245011934063
-11.1502144628212,0.930815099096205,1.44169432202501
-10.0369579869739,0.891130419079178,-11.9742153057425
-10.6368464516761,1.12147456072964,-21.0101688157525
-11.514273898353,1.31386841464187,3.86723074339912
-11.5627546751249,1.24380527623857,9.0496717979307
-9.99045426231071,1.01115838562127,3.52827034936931
-10.3267842305197,1.03477953162634,-1.5305490342441
-11.5874673538191,1.2565088954003,-14.7589404871771
-10.0371792807334,1.19849871956645,-6.8978728164395
-10.7104831403873,1.43938560826495,-22.5955211885092
-11.2324407848918,1.91155259225162,-47.3575195775187
-10.9670865264707,2.2757476262979,-24.7162184027299
-11.3331230991375,2.69212953447562,-32.5223780151997
-10.0095430558949,2.75355137513289,-37.9369827668317
-9.92439273896528,3.14029360229184,-38.0657880656292
-11.0051392745737,4.02264316439371,-49.9012671491306
-9.35543172823916,3.94214152557193,-46.8161184435503
-9.57734053284598,4.58542167491827,-48.6449966068374
-8.90397545678823,4.74293253910718,-37.1926347474414
-8.80349922960921,5.03827818488511,-23.5284520335779
-10.1983160957869,6.31359794050668,-45.5251507557275
-9.20013079847848,6.29832604669556,-46.4281142975396
-8.97175200892642,7.28490425977146,-116.962681317039
-7.35844520415796,7.02691807213585,-43.7401850764205
-7.47822797777409,7.73984864602961,-36.7234378846275
-6.90603816083823,7.71283987333604,-39.1632685525751
-7.0202287513601,8.45287155366103,-35.22257690096
-6.59113713957926,8.67550424564134,-51.5090644560674
-6.09913375789928,8.81265610843296,-37.1112674977132
-5.36626561955167,9.0631714202859,-104.506423525189
-4.63181580634708,9.40637989948789,-49.5503337964323
-4.5599467142291,10.6075326104581,-53.5770527268786
-3.85792546552299,10.1927748719682,-34.7489992617236
-3.16133279103259,9.69043082645449,-58.2230493825167
-2.95717213167668,11.0427486397405,-49.1617885983526
-2.316700972812,10.460885279501,-38.2547199571572
-1.99023809406895,11.7107445254445,-60.95366935714
-1.28073491215086,11.0470733871662,-44.890863198968
-0.897293906510721,11.253946986598,-26.820893494417
-0.575862290647766,11.1762724882181,-29.3456344304746
-0.169089726086757,11.0238562280043,-42.9395327353603
0.0759765875310014,10.9057340868982,-1.66822060564087
0.269916482362076,11.2132572406733,-32.5317678865753
0.549893143684366,11.385108552855,-15.8587946219066
0.623144450047519,10.7058732185732,-3.89805325798953
0.686334802116662,11.3833281511957,-0.261607401581543
0.657099180451759,10.8641463783262,-0.117600284998964
0.656246892089429,10.9338232760268,1.04101908564491
0.695998509541274,11.1663153168642,-5.64437734765733
0.824113626116119,11.641304995098,-11.2049090780486
0.794994846889607,9.98538611035088,-6.34299774064573
0.992117667687031,11.5424213687683,-6.24707444495609
1.04075823613869,10.6420975208913,-17.2390359009684
1.27238078018932,10.8272788275159,-21.7476402378907
1.04656899355016,10.6400696632868,59.615560326221
0.569642350786381,10.127747134789,24.1028573437019
0.492125115941433,10.0714467574579,-9.37896306790442
0.669543562451969,10.7700761194852,-17.1461494781777
0.982332750844361,9.97297185662138,-55.0451887870711
1.51563941430555,10.6098222512841,-32.3741995617057
1.80048541972955,10.3466580647754,-28.4225821489725
2.13902695419399,10.4018731085823,-32.6184583905222
2.40393057404253,10.1807515589435,-25.5144970960073
2.52779831724959,9.76706904500671,-17.2327003557839
2.82190575556751,10.0568556612864,-23.3855095678397
3.04872975609527,9.97737955302397,-22.6007222696802
3.49056609930365,10.3951290714286,-32.209265947392
4.21099394816171,10.9965026618805,-51.2993456931481
4.28833551016139,9.3991240594235,-73.3505685011302
5.3610452444971,10.3015671563136,-30.2584939891455
4.91620972315543,8.79139862399531,-29.8250763759977
5.37894854279442,9.04990811115193,-22.9380071476282
6.2354504833152,9.93265138861264,-25.7121905403803
5.61485346543356,8.37740442352153,-34.0477608748575
6.23591831992576,8.66302697309343,-32.8344079788714
6.50180072982021,8.29944615347365,-48.4172660460374
6.63728191695989,7.67782914180215,-48.1812277179978
7.38029184464362,7.87327218674252,-32.3254350624049
7.59219930883948,7.61001799957016,-29.9459055201128
8.10153333793973,7.40635021792171,-61.9937808715729
9.07399178272028,7.5086758749786,-36.6424022474572
8.28036678021249,6.39294573923662,-30.9800654617973
8.1269898716193,5.92370894530923,-24.2512452367061
8.5181577138469,5.84385291379053,-32.8601864919236
9.23852982105877,5.88917632126013,-34.723517454645
9.29826770787223,5.46301437850448,-37.8919009122525
9.50389559438081,5.07526006192728,-43.5265742292685
10.3099897328935,5.02773103293313,-30.0074109229538
9.28156563324978,4.20627868336882,-26.4394343331018
9.83914424367893,4.07153950486836,-39.8519056622426
10.6338136301327,3.94920088577239,-33.6688848008349
10.7008307812573,3.47307630675594,-49.8497799361965
10.8281727642198,3.03150085324758,-31.8694328887359
10.1547675465279,2.42857937855136,-44.5869315630256
11.174586087341,2.17465783348753,-40.4975553124327
10.0796597946008,1.6438191158135,-20.5933143772059
10.0692208695786,1.42315984540337,-21.9107587097813
11.2814166898031,1.32714618117842,-24.7008595053124
11.6238416086084,0.819705788636937,-68.6971541961707
10.2910947592455,0.152721200956128,-42.4303678326758
10.1849949590955,-0.228661546074808,-32.1418264250948
11.1502665491669,-0.585673640946173,-27.9186706873364
9.99982060435184,-0.908677096880934,-48.3676463354028
10.3257609994071,-1.43885202598414,-47.3000633385432
10.5140935002537,-1.89243135866937,-31.9577465488869
10.5163018833265,-2.21088134604223,-26.3078888673789
10.4503615211259,-2.4353128664209,-17.1603390049961
10.8995878362699,-2.66218196577767,-4.05125825972963
10.5163923538997,-2.5998763529549,-1.56028944469799
10.0262729865342,-2.50306313892264,-3.01547516184097
10.2452945627101,-2.6078281901541,-6.17768015389686
10.248067199139,-2.64540575352833,-0.574492576586039
10.2715962143551,-2.66026531103375,-1.02901122039079
10.6730187086335,-2.76954396984409,0.0960629220294607
11.0581105475546,-2.92708981200433,-9.84719999962991
10.7539925009639,-2.91092911475986,-1.31836935707863
9.8814435197237,-2.74057827093496,-11.075737260108
10.0359965022969,-2.8941327983038,-9.34854197904222
10.1056178804294,-2.95215464599152,2.42241228201312
11.0920084942346,-3.26822960681698,-7.05777988250755
9.78630957122995,-2.92296529911092,-0.353516439991708
10.0204051939518,-2.99353357209798,0.234624611345602
9.72755160907235,-2.90828901115625,-0.658093847756724
9.95251088556132,-2.99710927489828,-3.31720768292509
10.124490276207,-3.04504560250148,4.01525211726028
10.633884624369,-3.17061574498108,0.754628008684755
10.0158003113638,-3.23910299843842,-46.7829222811771
10.6889653348385,-3.81513686311859,-13.3079261069469
