     0, 0.002878, 0.017436
     1, 0.006526, 0.013584
     2, 0.006754, 0.013483
     3, 0.006441, 0.013610
     4, 0.006678, 0.013432
     5, 0.007059, 0.013187
     6, 0.006932, 0.013119
     7, 0.006636, 0.013737
     8, 0.007008, 0.013373
     9, 0.007118, 0.013331
    10, 0.007042, 0.013000
    11, 0.006720, 0.013635
    12, 0.006847, 0.013474
    13, 0.006424, 0.013881
    14, 0.007076, 0.013195
    15, 0.006881, 0.013373
    16, 0.006695, 0.013711
    17, 0.006703, 0.013762
    18, 0.006788, 0.013627
    19, 0.006610, 0.013720
    20, 0.006661, 0.013618
    21, 0.006670, 0.013390
    22, 0.006856, 0.013305
    23, 0.006813, 0.013246
    24, 0.006830, 0.013187
    25, 0.007093, 0.013026
    26, 0.006856, 0.013153
    27, 0.004596, 0.015506
    28, 0.004951, 0.015083
    29, 0.005671, 0.014634
    30, 0.004765, 0.015269
    31, 0.004892, 0.015523
    32, 0.004596, 0.015506
    33, 0.004037, 0.016107
    34, 0.003521, 0.016809
    35, 0.003487, 0.016682
    36, 0.002514, 0.017554
    37, 0.002971, 0.017089
    38, 0.005586, 0.014541
    39, 0.004655, 0.015700
    40, 0.004232, 0.015929
    41, 0.004300, 0.015853
    42, 0.004300, 0.016022
    43, 0.002700, 0.017444
    44, 0.004317, 0.015946
    45, 0.004215, 0.015827
    46, 0.003843, 0.016191
    47, 0.002962, 0.017139
    48, 0.003453, 0.016835
    49, 0.004934, 0.015294
    50, 0.002920, 0.017080