 0, 0.01000000, 0.01000000
 1, 0.01000000, 0.01000000
 2, 0.01000000, 0.01000000
 3, 0.01000000, 0.01000000
 4, 0.01000000, 0.01000000
 5, 0.01000000, 0.01000000
 6, 0.01000000, 0.01000000
 7, 0.01000000, 0.01000000
 8, 0.01000000, 0.01000000
 9, 0.01000000, 0.01000000
10, 0.00000000, 0.00000000
10, 0.00130900, 0.00043633
11, 0.00130900, 0.00043633
12, 0.00130900, 0.00043633
13, 0.00130900, 0.00043633
14, 0.00130900, 0.00043633
15, 0.00130900, 0.00043633
16, 0.00130900, 0.00043633
17, 0.00130900, 0.00043633
18, 0.00130900, 0.00043633
19, 0.00130900, 0.00043633
20, 0.00130900, 0.00043633
21, 0.00130900, 0.00043633
22, 0.00130900, 0.00043633
23, 0.00130900, 0.00043633
24, 0.00130900, 0.00043633
25, 0.00130900, 0.00043633
26, 0.00130900, 0.00043633
27, 0.00130900, 0.00043633
28, 0.00130900, 0.00043633
29, 0.00130900, 0.00043633
30, 0.00130900, 0.00043633
31, 0.00130900, 0.00043633
32, 0.00130900, 0.00043633
33, 0.00130900, 0.00043633
34, 0.00130900, 0.00043633
35, 0.00130900, 0.00043633
36, 0.00130900, 0.00043633
37, 0.00130900, 0.00043633
38, 0.00130900, 0.00043633
39, 0.00130900, 0.00043633
40, 0.00130900, 0.00043633
41, 0.00130900, 0.00043633
42, 0.00130900, 0.00043633
43, 0.00130900, 0.00043633
44, 0.00130900, 0.00043633
45, 0.00130900, 0.00043633
46, 0.00130900, 0.00043633
47, 0.00130900, 0.00043633
48, 0.00130900, 0.00043633
49, 0.00130900, 0.00043633
50, 0.00130900, 0.00043633
51, 0.00130900, 0.00043633
52, 0.00130900, 0.00043633
53, 0.00130900, 0.00043633
54, 0.00130900, 0.00043633
55, 0.00130900, 0.00043633
56, 0.00130900, 0.00043633
57, 0.00130900, 0.00043633
58, 0.00130900, 0.00043633
59, 0.00130900, 0.00043633
60, 0.00130900, 0.00043633
61, 0.00130900, 0.00043633
62, 0.00130900, 0.00043633
63, 0.00130900, 0.00043633
64, 0.00130900, 0.00043633
65, 0.00130900, 0.00043633
66, 0.00130900, 0.00043633
67, 0.00130900, 0.00043633
68, 0.00130900, 0.00043633
69, 0.00130900, 0.00043633
70, 0.00130900, 0.00043633
71, 0.00130900, 0.00043633
72, 0.00130900, 0.00043633
73, 0.00130900, 0.00043633
74, 0.00130900, 0.00043633
75, 0.00130900, 0.00043633
76, 0.00130900, 0.00043633
77, 0.00130900, 0.00043633
78, 0.00130900, 0.00043633
79, 0.00130900, 0.00043633
80, 0.00130900, 0.00043633
81, 0.00130900, 0.00043633
82, 0.00130900, 0.00043633
83, 0.00130900, 0.00043633
84, 0.00130900, 0.00043633
85, 0.00130900, 0.00043633
86, 0.00130900, 0.00043633
87, 0.00130900, 0.00043633
88, 0.00130900, 0.00043633
89, 0.00130900, 0.00043633
90, 0.00130900, 0.00043633
91, 0.00130900, 0.00043633
92, 0.00130900, 0.00043633
93, 0.00130900, 0.00043633
94, 0.00130900, 0.00043633
95, 0.00130900, 0.00043633
96, 0.00130900, 0.00043633
97, 0.00130900, 0.00043633
98, 0.00130900, 0.00043633
99, 0.00130900, 0.00043633
100, 0.00130900, 0.00043633
101, 0.00130900, 0.00043633
102, 0.00130900, 0.00043633
103, 0.00130900, 0.00043633
104, 0.00130900, 0.00043633
105, 0.00130900, 0.00043633
106, 0.00130900, 0.00043633
107, 0.00130900, 0.00043633
108, 0.00130900, 0.00043633
109, 0.00130900, 0.00043633
110, 0.00130900, 0.00043633
111, 0.00130900, 0.00043633
112, 0.00130900, 0.00043633
113, 0.00130900, 0.00043633
114, 0.00130900, 0.00043633
115, 0.00130900, 0.00043633
116, 0.00130900, 0.00043633
117, 0.00130900, 0.00043633
118, 0.00130900, 0.00043633
119, 0.00130900, 0.00043633
120, 0.00130900, 0.00043633
121, 0.00130900, 0.00043633
122, 0.00130900, 0.00043633
123, 0.00130900, 0.00043633
124, 0.00130900, 0.00043633
125, 0.00130900, 0.00043633
126, 0.00130900, 0.00043633
127, 0.00130900, 0.00043633
128, 0.00130900, 0.00043633
129, 0.00130900, 0.00043633
130, 0.00130900, 0.00043633
131, 0.00130900, 0.00043633
132, 0.00130900, 0.00043633
133, 0.00130900, 0.00043633
134, 0.00130900, 0.00043633
135, 0.00130900, 0.00043633
136, 0.00130900, 0.00043633
137, 0.00130900, 0.00043633
138, 0.00130900, 0.00043633
139, 0.00130900, 0.00043633
140, 0.00130900, 0.00043633
141, 0.00130900, 0.00043633
142, 0.00130900, 0.00043633
143, 0.00130900, 0.00043633
144, 0.00130900, 0.00043633
145, 0.00130900, 0.00043633
146, 0.00130900, 0.00043633
147, 0.00130900, 0.00043633
148, 0.00130900, 0.00043633
149, 0.00130900, 0.00043633
150, 0.00130900, 0.00043633
151, 0.00130900, 0.00043633
152, 0.00130900, 0.00043633
153, 0.00130900, 0.00043633
154, 0.00130900, 0.00043633
155, 0.00130900, 0.00043633
156, 0.00130900, 0.00043633
157, 0.00130900, 0.00043633
158, 0.00130900, 0.00043633
159, 0.00130900, 0.00043633
160, 0.00130900, 0.00043633
161, 0.00130900, 0.00043633
162, 0.00130900, 0.00043633
163, 0.00130900, 0.00043633
164, 0.00130900, 0.00043633
165, 0.00130900, 0.00043633
166, 0.00130900, 0.00043633
167, 0.00130900, 0.00043633
168, 0.00130900, 0.00043633
169, 0.00130900, 0.00043633
170, 0.00130900, 0.00043633
171, 0.00130900, 0.00043633
172, 0.00130900, 0.00043633
173, 0.00130900, 0.00043633
174, 0.00130900, 0.00043633
175, 0.00130900, 0.00043633
176, 0.00130900, 0.00043633
177, 0.00130900, 0.00043633
178, 0.00130900, 0.00043633
179, 0.00130900, 0.00043633
180, 0.00130900, 0.00043633
181, 0.00130900, 0.00043633
182, 0.00130900, 0.00043633
183, 0.00130900, 0.00043633
184, 0.00130900, 0.00043633
185, 0.00130900, 0.00043633
186, 0.00130900, 0.00043633
187, 0.00130900, 0.00043633
188, 0.00130900, 0.00043633
189, 0.00130900, 0.00043633
190, 0.00130900, 0.00043633
191, 0.00130900, 0.00043633
192, 0.00130900, 0.00043633
193, 0.00130900, 0.00043633
194, 0.00130900, 0.00043633
195, 0.00130900, 0.00043633
196, 0.00130900, 0.00043633
197, 0.00130900, 0.00043633
198, 0.00130900, 0.00043633
199, 0.00130900, 0.00043633
200, 0.00130900, 0.00043633
201, 0.00130900, 0.00043633
202, 0.00130900, 0.00043633
203, 0.00130900, 0.00043633
204, 0.00130900, 0.00043633
205, 0.00130900, 0.00043633
206, 0.00130900, 0.00043633
207, 0.00130900, 0.00043633
208, 0.00130900, 0.00043633
209, 0.00130900, 0.00043633
210, 0.00130900, 0.00043633
211, 0.00130900, 0.00043633
212, 0.00130900, 0.00043633
213, 0.00130900, 0.00043633
214, 0.00130900, 0.00043633
215, 0.00130900, 0.00043633
216, 0.00130900, 0.00043633
217, 0.00130900, 0.00043633
218, 0.00130900, 0.00043633
219, 0.00130900, 0.00043633
220, 0.00130900, 0.00043633
221, 0.00130900, 0.00043633
222, 0.00130900, 0.00043633
223, 0.00130900, 0.00043633
224, 0.00130900, 0.00043633
225, 0.00130900, 0.00043633
226, 0.00130900, 0.00043633
227, 0.00130900, 0.00043633
228, 0.00130900, 0.00043633
229, 0.00130900, 0.00043633
230, 0.00130900, 0.00043633
231, 0.00130900, 0.00043633
232, 0.00130900, 0.00043633
233, 0.00130900, 0.00043633
234, 0.00130900, 0.00043633
235, 0.00130900, 0.00043633
236, 0.00130900, 0.00043633
237, 0.00130900, 0.00043633
238, 0.00130900, 0.00043633
239, 0.00130900, 0.00043633
240, 0.00130900, 0.00043633
241, 0.00130900, 0.00043633
242, 0.00130900, 0.00043633
243, 0.00130900, 0.00043633
244, 0.00130900, 0.00043633
245, 0.00130900, 0.00043633
246, 0.00130900, 0.00043633
247, 0.00130900, 0.00043633
248, 0.00130900, 0.00043633
249, 0.00130900, 0.00043633
250, 0.00130900, 0.00043633
251, 0.00130900, 0.00043633
252, 0.00130900, 0.00043633
253, 0.00130900, 0.00043633
254, 0.00130900, 0.00043633
255, 0.00130900, 0.00043633
256, 0.00130900, 0.00043633
257, 0.00130900, 0.00043633
258, 0.00130900, 0.00043633
259, 0.00130900, 0.00043633
260, 0.00130900, 0.00043633
261, 0.00130900, 0.00043633
262, 0.00130900, 0.00043633
263, 0.00130900, 0.00043633
264, 0.00130900, 0.00043633
265, 0.00130900, 0.00043633
266, 0.00130900, 0.00043633
267, 0.00130900, 0.00043633
268, 0.00130900, 0.00043633
269, 0.00130900, 0.00043633
270, 0.00130900, 0.00043633
271, 0.00130900, 0.00043633
272, 0.00130900, 0.00043633
273, 0.00130900, 0.00043633
274, 0.00130900, 0.00043633
275, 0.00130900, 0.00043633
276, 0.00130900, 0.00043633
277, 0.00130900, 0.00043633
278, 0.00130900, 0.00043633
279, 0.00130900, 0.00043633
280, 0.00130900, 0.00043633
281, 0.00130900, 0.00043633
282, 0.00130900, 0.00043633
283, 0.00130900, 0.00043633
284, 0.00130900, 0.00043633
285, 0.00130900, 0.00043633
286, 0.00130900, 0.00043633
287, 0.00130900, 0.00043633
288, 0.00130900, 0.00043633
289, 0.00130900, 0.00043633
290, 0.00130900, 0.00043633
291, 0.00130900, 0.00043633
292, 0.00130900, 0.00043633
293, 0.00130900, 0.00043633
294, 0.00130900, 0.00043633
295, 0.00130900, 0.00043633
296, 0.00130900, 0.00043633
297, 0.00130900, 0.00043633
298, 0.00130900, 0.00043633
299, 0.00130900, 0.00043633
300, 0.00130900, 0.00043633
301, 0.00130900, 0.00043633
302, 0.00130900, 0.00043633
303, 0.00130900, 0.00043633
304, 0.00130900, 0.00043633
305, 0.00130900, 0.00043633
306, 0.00130900, 0.00043633
307, 0.00130900, 0.00043633
308, 0.00130900, 0.00043633
309, 0.00130900, 0.00043633
310, 0.00130900, 0.00043633
311, 0.00130900, 0.00043633
312, 0.00130900, 0.00043633
313, 0.00130900, 0.00043633
314, 0.00130900, 0.00043633
315, 0.00130900, 0.00043633
316, 0.00130900, 0.00043633
317, 0.00130900, 0.00043633
318, 0.00130900, 0.00043633
319, 0.00130900, 0.00043633
320, 0.00130900, 0.00043633
321, 0.00130900, 0.00043633
322, 0.00130900, 0.00043633
323, 0.00130900, 0.00043633
324, 0.00130900, 0.00043633
325, 0.00130900, 0.00043633
326, 0.00130900, 0.00043633
327, 0.00130900, 0.00043633
328, 0.00130900, 0.00043633
329, 0.00130900, 0.00043633
330, 0.00130900, 0.00043633
331, 0.00130900, 0.00043633
332, 0.00130900, 0.00043633
333, 0.00130900, 0.00043633
334, 0.00130900, 0.00043633
335, 0.00130900, 0.00043633
336, 0.00130900, 0.00043633
337, 0.00130900, 0.00043633
338, 0.00130900, 0.00043633
339, 0.00130900, 0.00043633
340, 0.00130900, 0.00043633
341, 0.00130900, 0.00043633
342, 0.00130900, 0.00043633
343, 0.00130900, 0.00043633
344, 0.00130900, 0.00043633
345, 0.00130900, 0.00043633
346, 0.00130900, 0.00043633
347, 0.00130900, 0.00043633
348, 0.00130900, 0.00043633
349, 0.00130900, 0.00043633
350, 0.00130900, 0.00043633
351, 0.00130900, 0.00043633
352, 0.00130900, 0.00043633
353, 0.00130900, 0.00043633
354, 0.00130900, 0.00043633
355, 0.00130900, 0.00043633
356, 0.00130900, 0.00043633
357, 0.00130900, 0.00043633
358, 0.00130900, 0.00043633
359, 0.00130900, 0.00043633
360, 0.00130900, 0.00043633
361, 0.00130900, 0.00043633
362, 0.00130900, 0.00043633
363, 0.00130900, 0.00043633
364, 0.00130900, 0.00043633
365, 0.00130900, 0.00043633
366, 0.00130900, 0.00043633
367, 0.00130900, 0.00043633
368, 0.00130900, 0.00043633
369, 0.00130900, 0.00043633
370, 0.00000000, 0.00000000
370, 0.01000000, 0.01000000
371, 0.01000000, 0.01000000
372, 0.01000000, 0.01000000
373, 0.01000000, 0.01000000
374, 0.01000000, 0.01000000
375, 0.01000000, 0.01000000
376, 0.01000000, 0.01000000
377, 0.01000000, 0.01000000
378, 0.01000000, 0.01000000
379, 0.01000000, 0.01000000
380, 0.00000000, 0.00000000
