  0, 0.00000000
  1, 0.00000000
  2, 0.00000000
  3, 0.00000000
  4, 0.00000000
  5, 0.00000000
  6, 0.00000000
  7, 0.00000000
  8, 0.00000000
  9, 0.00000000
 10, 0.00000000
 10, 0.00436332
 11, 0.00436332
 12, 0.00436332
 13, 0.00436332
 14, 0.00436332
 15, 0.00436332
 16, 0.00436332
 17, 0.00436332
 18, 0.00436332
 19, 0.00436332
 20, 0.00436332
 21, 0.00436332
 22, 0.00436332
 23, 0.00436332
 24, 0.00436332
 25, 0.00436332
 26, 0.00436332
 27, 0.00436332
 28, 0.00436332
 29, 0.00436332
 30, 0.00436332
 31, 0.00436332
 32, 0.00436332
 33, 0.00436332
 34, 0.00436332
 35, 0.00436332
 36, 0.00436332
 37, 0.00436332
 38, 0.00436332
 39, 0.00436332
 40, 0.00436332
 41, 0.00436332
 42, 0.00436332
 43, 0.00436332
 44, 0.00436332
 45, 0.00436332
 46, 0.00436332
 47, 0.00436332
 48, 0.00436332
 49, 0.00436332
 50, 0.00436332
 51, 0.00436332
 52, 0.00436332
 53, 0.00436332
 54, 0.00436332
 55, 0.00436332
 56, 0.00436332
 57, 0.00436332
 58, 0.00436332
 59, 0.00436332
 60, 0.00436332
 61, 0.00436332
 62, 0.00436332
 63, 0.00436332
 64, 0.00436332
 65, 0.00436332
 66, 0.00436332
 67, 0.00436332
 68, 0.00436332
 69, 0.00436332
 70, 0.00436332
 71, 0.00436332
 72, 0.00436332
 73, 0.00436332
 74, 0.00436332
 75, 0.00436332
 76, 0.00436332
 77, 0.00436332
 78, 0.00436332
 79, 0.00436332
 80, 0.00436332
 81, 0.00436332
 82, 0.00436332
 83, 0.00436332
 84, 0.00436332
 85, 0.00436332
 86, 0.00436332
 87, 0.00436332
 88, 0.00436332
 89, 0.00436332
 90, 0.00436332
 91, 0.00436332
 92, 0.00436332
 93, 0.00436332
 94, 0.00436332
 95, 0.00436332
 96, 0.00436332
 97, 0.00436332
 98, 0.00436332
 99, 0.00436332
100, 0.00436332
101, 0.00436332
102, 0.00436332
103, 0.00436332
104, 0.00436332
105, 0.00436332
106, 0.00436332
107, 0.00436332
108, 0.00436332
109, 0.00436332
110, 0.00436332
111, 0.00436332
112, 0.00436332
113, 0.00436332
114, 0.00436332
115, 0.00436332
116, 0.00436332
117, 0.00436332
118, 0.00436332
119, 0.00436332
120, 0.00436332
121, 0.00436332
122, 0.00436332
123, 0.00436332
124, 0.00436332
125, 0.00436332
126, 0.00436332
127, 0.00436332
128, 0.00436332
129, 0.00436332
130, 0.00436332
131, 0.00436332
132, 0.00436332
133, 0.00436332
134, 0.00436332
135, 0.00436332
136, 0.00436332
137, 0.00436332
138, 0.00436332
139, 0.00436332
140, 0.00436332
141, 0.00436332
142, 0.00436332
143, 0.00436332
144, 0.00436332
145, 0.00436332
146, 0.00436332
147, 0.00436332
148, 0.00436332
149, 0.00436332
150, 0.00436332
151, 0.00436332
152, 0.00436332
153, 0.00436332
154, 0.00436332
155, 0.00436332
156, 0.00436332
157, 0.00436332
158, 0.00436332
159, 0.00436332
160, 0.00436332
161, 0.00436332
162, 0.00436332
163, 0.00436332
164, 0.00436332
165, 0.00436332
166, 0.00436332
167, 0.00436332
168, 0.00436332
169, 0.00436332
170, 0.00436332
171, 0.00436332
172, 0.00436332
173, 0.00436332
174, 0.00436332
175, 0.00436332
176, 0.00436332
177, 0.00436332
178, 0.00436332
179, 0.00436332
180, 0.00436332
181, 0.00436332
182, 0.00436332
183, 0.00436332
184, 0.00436332
185, 0.00436332
186, 0.00436332
187, 0.00436332
188, 0.00436332
189, 0.00436332
190, 0.00436332
191, 0.00436332
192, 0.00436332
193, 0.00436332
194, 0.00436332
195, 0.00436332
196, 0.00436332
197, 0.00436332
198, 0.00436332
199, 0.00436332
200, 0.00436332
201, 0.00436332
202, 0.00436332
203, 0.00436332
204, 0.00436332
205, 0.00436332
206, 0.00436332
207, 0.00436332
208, 0.00436332
209, 0.00436332
210, 0.00436332
211, 0.00436332
212, 0.00436332
213, 0.00436332
214, 0.00436332
215, 0.00436332
216, 0.00436332
217, 0.00436332
218, 0.00436332
219, 0.00436332
220, 0.00436332
221, 0.00436332
222, 0.00436332
223, 0.00436332
224, 0.00436332
225, 0.00436332
226, 0.00436332
227, 0.00436332
228, 0.00436332
229, 0.00436332
230, 0.00436332
231, 0.00436332
232, 0.00436332
233, 0.00436332
234, 0.00436332
235, 0.00436332
236, 0.00436332
237, 0.00436332
238, 0.00436332
239, 0.00436332
240, 0.00436332
241, 0.00436332
242, 0.00436332
243, 0.00436332
244, 0.00436332
245, 0.00436332
246, 0.00436332
247, 0.00436332
248, 0.00436332
249, 0.00436332
250, 0.00436332
251, 0.00436332
252, 0.00436332
253, 0.00436332
254, 0.00436332
255, 0.00436332
256, 0.00436332
257, 0.00436332
258, 0.00436332
259, 0.00436332
260, 0.00436332
261, 0.00436332
262, 0.00436332
263, 0.00436332
264, 0.00436332
265, 0.00436332
266, 0.00436332
267, 0.00436332
268, 0.00436332
269, 0.00436332
270, 0.00436332
271, 0.00436332
272, 0.00436332
273, 0.00436332
274, 0.00436332
275, 0.00436332
276, 0.00436332
277, 0.00436332
278, 0.00436332
279, 0.00436332
280, 0.00436332
281, 0.00436332
282, 0.00436332
283, 0.00436332
284, 0.00436332
285, 0.00436332
286, 0.00436332
287, 0.00436332
288, 0.00436332
289, 0.00436332
290, 0.00436332
291, 0.00436332
292, 0.00436332
293, 0.00436332
294, 0.00436332
295, 0.00436332
296, 0.00436332
297, 0.00436332
298, 0.00436332
299, 0.00436332
300, 0.00436332
301, 0.00436332
302, 0.00436332
303, 0.00436332
304, 0.00436332
305, 0.00436332
306, 0.00436332
307, 0.00436332
308, 0.00436332
309, 0.00436332
310, 0.00436332
311, 0.00436332
312, 0.00436332
313, 0.00436332
314, 0.00436332
315, 0.00436332
316, 0.00436332
317, 0.00436332
318, 0.00436332
319, 0.00436332
320, 0.00436332
321, 0.00436332
322, 0.00436332
323, 0.00436332
324, 0.00436332
325, 0.00436332
326, 0.00436332
327, 0.00436332
328, 0.00436332
329, 0.00436332
330, 0.00436332
331, 0.00436332
332, 0.00436332
333, 0.00436332
334, 0.00436332
335, 0.00436332
336, 0.00436332
337, 0.00436332
338, 0.00436332
339, 0.00436332
340, 0.00436332
341, 0.00436332
342, 0.00436332
343, 0.00436332
344, 0.00436332
345, 0.00436332
346, 0.00436332
347, 0.00436332
348, 0.00436332
349, 0.00436332
350, 0.00436332
351, 0.00436332
352, 0.00436332
353, 0.00436332
354, 0.00436332
355, 0.00436332
356, 0.00436332
357, 0.00436332
358, 0.00436332
359, 0.00436332
360, 0.00436332
361, 0.00436332
362, 0.00436332
363, 0.00436332
364, 0.00436332
365, 0.00436332
366, 0.00436332
367, 0.00436332
368, 0.00436332
369, 0.00436332
370, 0.00000000
370, 0.00000000
371, 0.00000000
372, 0.00000000
373, 0.00000000
374, 0.00000000
375, 0.00000000
376, 0.00000000
377, 0.00000000
378, 0.00000000
379, 0.00000000
380, 0.00000000
