0.024187
-0.033041
-0.003340
-0.015916
0.020121
-0.012322
-0.008197
-0.018562
-0.019180
-0.014865
-0.013873
-0.009829
-0.002045
0.002230
0.011111
0.042541
0.036249
-0.005932
-0.001842
-0.005069
-0.000465
-0.009165
-0.013380
-0.009716
-0.020481
-0.024392
0.006970
0.009528
-0.038833
-0.009014
-0.016439
-0.001706
-0.010864
0.021991
-0.024582
-0.009088
-0.025082
-0.026706
-0.033869
-0.022870
-0.021257
-0.040315
-0.025472
0.009413
0.014348
0.044212
0.023269
0.023399
0.023753
0.029192
0.023583
0.016505
-0.045386
0.011295
-0.017576
-0.012904
-0.029636
-0.036527
-0.021341
-0.035823
-0.053095
-0.075998
-0.074377
-0.065601
-0.048373
-0.023624
-0.022194
-0.024273
-0.019774
-0.021292
-0.003938
0.017525
-0.011917
0.010519
-0.002088
-0.010749
-0.000532
-0.001787
-0.017125
0.009708
0.016854
0.019767
0.022322
-0.000877
-0.009102
-0.019423
-0.025681
-0.033235
-0.032489
0.037603
-0.000150
0.016366
0.031528
0.054355
0.048249
0.028627
0.019919
-0.016472
-0.005573
-0.017258
0.003529
-0.006301
-0.012847
-0.001030
-0.035162
-0.064177
-0.065840
-0.074882
-0.059466
-0.045559
-0.038033
-0.019207
-0.029117
-0.034075
-0.025971
-0.008662
-0.014687
-0.051740
-0.025612
-0.004379
-0.032204
0.004512
-0.016510
0.014393
0.005895
-0.002535
-0.022138
-0.025070
-0.032307
-0.016515
0.008003
-0.030353
-0.025175
-0.023625
-0.037228
-0.018561
-0.014716
-0.015372
-0.006719
-0.022387
-0.018741
-0.023553
-0.013070
-0.027671
-0.034705
-0.042699
-0.039576
-0.039308
-0.042739
-0.053535
-0.060122
-0.062253
-0.057541
-0.074101
-0.128734
-0.218063
-0.311734
-0.459786
-0.584276
-0.835106
-0.917656
-0.672484
-0.618157
-0.635523
-0.649712
-0.655647
-0.724769
-0.750294
-0.779409
-0.737172
-0.676640
-0.621274
-0.565706
-0.536088
-0.543481
-0.534377
-0.553831
-0.557188
-0.549141
-0.544377
-0.496837
-0.506914
-0.580566
-0.656178
-0.653939
-0.551206
-0.459429
-0.392931
-0.328510
-0.317366
-0.412963
-0.587528
-0.709459
-0.702561
-0.612397
-0.481715
-0.273166
-0.076874
0.016238
-0.033816
-0.165062
-0.341133
-0.462551
-0.493900
-0.466922
-0.403684
-0.316237
-0.252057
-0.275959
-0.358465
-0.471650
-0.591846
-0.618146
-0.622294
-0.566550
-0.530027
-0.497040
-0.470345
-0.454462
-0.404557
-0.394396
-0.391765
-0.390989
-0.338677
-0.251744
-0.190670
-0.111491
-0.108580
-0.142216
-0.204579
-0.186174
-0.146306
-0.116038
-0.112613
-0.098187
-0.092334
-0.106984
-0.163385
-0.174230
-0.242133
-0.272271
-0.249728
-0.213316
-0.223957
-0.256918
-0.261657
-0.225870
-0.223411
-0.233381
-0.190613
-0.173244
-0.194563
-0.198097
-0.237320
-0.266244
-0.257577
-0.196668
-0.124258
-0.115001
-0.176755
-0.206366
-0.038543
0.034735
-0.017246
-0.053024
-0.058668
-0.062085
-0.029479
-0.001349
-0.002397
0.006914
-0.032605
-0.053279
-0.038603
0.025676
0.104605
0.122060
0.120452
0.075368
0.020910
-0.008849
0.008920
0.005947
0.031170
-0.026177
-0.013077
0.027470
0.001472
-0.022213
-0.004519
-0.013821
0.012339
0.006100
0.030748
-0.015883
0.009804
0.027204
0.019764
0.001335
0.028884
0.019010
0.018585
-0.006271
-0.010883
0.010171
-0.012925
-0.000191
-0.022249
0.017311
0.003758
0.011419
-0.026942
0.038383
0.016188
-0.001278
-0.012221
-0.033791
-0.006486
0.034544
0.040776
0.015807
0.013768
0.004481
-0.034177
0.011524
0.036701
0.030724
-0.009998
-0.032350
-0.002835
0.029783
-0.011593
-0.022474
0.016235
-0.004168
-0.017289
-0.022694
0.004393
0.002608
0.030055
-0.002747
0.017980
0.034684
-0.027306
0.017721
-0.008570
-0.019550
-0.013929
-0.008557
-0.021169
0.000619
0.021847
0.028356
0.014574
0.014363
0.002039
0.015441
-0.002796
0.014724
0.036203
-0.018990
0.039975
0.018633
-0.018122
0.014449
0.010857
-0.018992
-0.017236
0.011713
-0.010224
0.016772
-0.023340
0.051053
0.023156
0.025223
-0.019761
0.036621
0.000263
-0.019128
-0.027630
-0.026988
-0.039045
0.002758
-0.016717
-0.032327
0.002908
0.018410
-0.017200
0.022996
0.030634
-0.010112
-0.001701
0.003910
-0.022272
-0.019911
-0.000262
0.001042
-0.003571
-0.011191
0.006626
0.022056
-0.004176
-0.010650
0.026271
-0.012290
0.006155
-0.004102
-0.025310
-0.011813
0.002121
-0.000775
0.010104
0.001884
-0.005356
-0.033018
-0.015653
0.000872
-0.033193
-0.042118
0.014018
0.001318
0.007605
0.011232
0.003118
0.043968
0.024131
-0.023869
-0.021831
0.004434
0.004855
-0.029358
-0.003572
-0.026042
-0.011169
0.013350
0.002736
0.006069
0.034399
0.000837
0.012405
0.040726
-0.018526
-0.005167
0.036767
-0.013827
0.019555
0.011042
0.000052
-0.014532
0.005834
-0.040038
-0.004282
0.005055
-0.025840
-0.023487
-0.006959
0.010631
-0.002309
-0.001942
0.001328
0.011168
-0.031218
0.000660
0.038318
-0.025330
0.022717
-0.026575
0.012833
0.015305
0.025426
-0.017648
0.007530
0.011457
-0.036387
0.027254
0.036036
0.001077
-0.042259
-0.000659
-0.009806
-0.007339
-0.000691
-0.014606
0.015071
0.005582
0.029472
0.035069
0.002750
-0.003212
-0.011416
-0.004539
0.011284
0.018857
0.000560
0.047545
-0.000124
-0.026725
0.001430
-0.017391
0.005701
0.013711
0.015552
0.003688
0.003897
-0.000660
-0.000904
-0.008941
0.019595
-0.023005
-0.027373
0.001083
-0.011939
0.017517
-0.005743
-0.032687
-0.000722
-0.010697
-0.044780
-0.000911
0.005762
0.007152
0.002984
-0.008228
0.022386
0.013286
0.024111
0.039903
-0.002580
-0.015190
0.001817
-0.006546
0.001626
0.002078
0.001691
0.001467
0.026738
-0.000786
0.006344
-0.000064
0.015279
-0.021562
0.026003
-0.000520
0.001250
-0.039526
0.000377
-0.016971
0.007258
0.009365
-0.029616
-0.016700
0.007724
0.008363
-0.018970
-0.012482
-0.028121
0.028621
-0.015485
0.000190
0.026859
0.005182
-0.027447
-0.012905
0.000181
0.026871
0.015572
0.031759
0.019412
-0.029111
-0.016891
-0.024547
-0.008403
0.008380
-0.014361
-0.013996
-0.009410
-0.009262
0.001214
-0.004448
0.011203
0.006747
0.048879
0.026006
0.006844
-0.002839
0.019514
0.027145
0.033525
0.071655
0.084288
0.063981
0.052362
0.047379
0.040701
0.003062
0.006935
0.034282
0.048985
0.089788
0.118619
0.118769
0.089203
0.051348
0.032928
0.026337
0.025130
-0.010578
-0.015072
-0.023962
-0.017003
-0.033996
-0.002566
0.009878
0.062035
0.006260
0.022237
0.003845
0.011170
0.010577
-0.017419
0.007313
0.008585
-0.030689
-0.047733
-0.021688
-0.022579
-0.060103
-0.090099
-0.137620
-0.102994
-0.014749
0.040814
0.029188
-0.006811
-0.044065
-0.054455
-0.004249
0.017960
0.027658
0.049522
0.052477
0.073829
0.085404
0.058833
-0.011756
-0.086862
-0.084592
-0.069394
-0.083112
-0.059541
0.012413
0.090896
0.119920
0.161311
0.114848
0.092662
0.091713
0.115306
0.158740
0.198059
0.233510
0.268426
0.290968
0.298371
0.288178
0.214575
0.140187
0.130913
0.144334
0.188923
0.158403
0.113222
0.061037
0.034596
0.056875
0.106488
0.129685
0.132064
0.120430
0.088908
0.067206
0.023195
0.011530
-0.015510
-0.017343
-0.032390
0.046258
-0.017038
-0.033838
-0.038660
-0.048006
-0.054563
-0.055442
-0.050444
-0.047374
-0.035393
-0.023415
-0.024242
-0.040177
-0.081106
-0.090638
-0.098749
-0.095627
-0.102232
-0.103491
-0.108786
-0.130438
-0.129682
-0.128827
-0.146211
-0.162907
-0.191090
-0.126993
-0.127647
-0.145291
-0.187082
-0.226510
-0.246163
-0.239933
-0.218885
-0.201574
-0.155637
-0.087607
-0.092293
-0.141892
-0.176200
-0.257410
-0.298216
-0.317026
-0.318798
-0.331031
-0.339152
-0.322901
-0.235296
-0.170661
-0.103429
-0.066243
-0.056252
-0.061678
-0.089639
-0.087738
-0.059272
-0.027590
-0.044258
-0.080701
-0.097334
-0.127781
-0.127241
-0.119457
-0.100580
-0.111374
-0.118128
-0.135979
-0.142263
-0.169492
-0.182517
-0.126973
0.020012
0.175752
0.114752
-0.082861
-0.125280
-0.017627
0.032850
-0.005707
-0.040072
-0.039198
-0.064966
-0.054829
-0.042431
0.003511
0.034220
0.015493
0.002976
0.010793
0.018686
0.050545
0.077004
0.075665
0.066607
0.062859
0.054005
0.043186
-0.020015
-0.003045
0.013100
0.015674
0.007585
0.027732
-0.017868
-0.012907
0.029577
-0.000024
-0.020950
0.036510
-0.004166
0.020111
-0.009739
0.000171
0.004882
0.004556
-0.001384
-0.002984
0.004567
-0.014056
-0.013327
0.007124
0.044021
-0.021492
-0.008622
-0.006159
0.009087
0.002596
-0.021561
0.014062
0.018556
-0.008973
-0.004688
0.005966
0.008290
-0.013368
0.009409
0.014844
-0.013325
-0.024768
0.008289
-0.030989
0.017002
0.027485
0.016402
0.002006
-0.012393
-0.007768
0.017607
-0.018592
0.015832
0.017093
0.020943
0.002884
0.017318
0.008450
0.028069
-0.006845
0.013122
0.011474
-0.026145
0.009055
-0.026387
0.038426
0.017130
-0.031745
-0.014858
0.002127
0.011042
0.014671
0.001990
-0.004293
0.017924
0.029664
-0.001757
-0.040645
-0.011719
-0.020267
0.014674
0.022388
0.003952
-0.005671
-0.010388
0.030980
0.005220
0.003839
0.000403
-0.056587
0.011584
-0.001693
-0.021559
-0.022606
0.008762
0.008260
0.019051
-0.010817
0.017731
-0.012396
-0.012693
0.050979
-0.006439
0.010487
-0.011203
-0.030176
-0.022025
-0.002021
-0.016738
0.014596
-0.026879
-0.016407
-0.001906
0.003599
-0.022303
0.018711
-0.001257
-0.006147
-0.008785
0.003470
0.030897
-0.038079
0.004356
-0.001453
0.022235
0.005522
0.031743
0.011046
-0.009693
-0.018281
0.007994
-0.003927
0.033529
-0.014997
-0.013189
-0.015324
-0.003379
0.019331
-0.036050
0.016957
0.009579
-0.028580
0.004060
-0.002900
0.013864
0.015415
0.006379
0.004247
-0.051791
0.009744
-0.013926
-0.015420
0.001424
0.033972
0.001087
-0.008679
-0.005925
0.022731
0.010902
0.015001
0.002775
-0.001974
0.007908
0.026323
0.003809
0.016997
0.014685
0.034219
-0.018335
0.018056
-0.048547
-0.001768
-0.027614
-0.012286
-0.021223
-0.017002
0.017666
-0.029626
-0.025493
-0.000753
-0.033681
0.012613
0.001074
0.012546
-0.019529
-0.012400
0.019076
0.034399
0.040718
0.019320
0.029228
0.026506
0.021007
0.033684
-0.025011
1.387445
0.745625
-1.955437
1.109400
-0.720297
-2.008530
-0.878194
-1.494188
-3.261349
-4.771408
-3.030320
-4.782868
1.219723
-1.413286
-0.724586
-4.488399
2.434888
-0.392714
0.532917
-4.676502
-3.390588
-10.350304
-3.580166
-0.371603
-10.200648
-7.637258
-6.112751
0.920682
-0.470995
-5.413748
-3.572739
-17.868372
-5.306275
-8.618382
2.211924
-2.604557
-4.209253
-4.598829
-9.022191
-10.284731
-0.576185
1.304984
-3.887045
1.282104
-7.832380
1.093431
-1.963521
-5.396334
3.501552
-2.143848
-2.591287
-3.654616
-1.918141
2.293582
1.631997
-3.583146
1.898099
0.501867
-1.321041
1.072949
-10.264530
-0.421151
-9.454274
-0.846913
4.155366
-4.534390
-4.328343
-4.185290
-1.558792
-0.940116
-4.276832
1.919407
0.470045
-2.318639
-4.053019
-3.988705
-10.715277
0.810269
2.911326
-6.286966
-5.569000
-12.093346
6.115822
6.311203
7.188957
-1.527956
-1.290806
-2.084020
-5.875407
-7.118776
-0.177180
-1.283627
-1.871589
-6.764011
-8.050035
2.441789
-4.835905
-1.125732
-5.727563
-3.725775
4.409191
-1.834098
-5.501996
-1.170177
-2.391245
1.237856
-0.745263
-6.476818
0.644351
1.802413
4.227328
3.046423
2.074235
2.094115
-2.857523
1.858655
0.353126
3.383047
1.837579
-2.169996
3.378297
1.343755
0.616810
0.763764
-1.515589
3.888363
-1.956496
2.297682
0.093236
-0.353573
1.141168
1.385922
2.023816
0.528386
-0.189536
-0.055185
0.521177
-0.735753
0.245242
-1.616157
0.304479
0.570219
1.300708
0.243526
-0.016039
-0.056896
0.110301
0.008648
-0.372188
-0.469362
0.079354
0.155725
-0.484936
-0.003806
-0.453467
0.007105
0.025772
0.052371
-0.079535
-0.239238
-0.020233
-0.033197
0.011791
0.001569
0.030015
0.038394
0.029836
-0.044295
0.028412
-0.003626
-0.011250
0.000669
-0.009177
-0.031654
-0.015706
0.026977
-0.015595
0.006903
0.018327
-0.001717
0.004065
0.027498
0.005332
0.011490
-0.027447
-0.013955
0.016209
0.023585
0.030428
-0.008474
-0.000850
0.003271
-0.008799
0.000556
-0.039584
-0.000033
0.012400
0.028001
0.004683
0.014364
0.028475
0.007032
-0.012778
0.011823
-0.015102
-0.016503
-0.023981
-0.013266
0.015377
0.037039
-0.006381
0.027368
-0.011984
0.012543
0.015983
0.017014
0.000120
-0.054828
-0.008005
0.025041
0.033396
0.018345
0.004638
-0.020293
-0.001450
2.508153
0.955796
0.100538
-2.598670
0.557887
-5.252635
1.044215
-5.118327
3.564285
-0.106636
-2.886979
-1.833270
0.215546
1.093487
0.026990
0.128987
4.331946
0.007444
-1.868396
-1.752353
2.870041
-0.354848
-5.552462
-3.379972
-0.945474
-1.664841
-0.265774
0.781604
-4.861010
3.778693
-1.623909
0.607993
1.413911
0.865341
-3.130721
4.819667
-3.379033
-2.477946
-3.000530
-5.061929
0.203990
-0.743802
3.346766
-8.984917
3.357908
-1.582997
1.127555
-3.735814
-3.770200
-8.340728
0.507440
-0.423102
-3.799525
5.396651
-5.240617
5.387585
0.456879
3.562926
-8.389840
0.003525
-1.605113
-2.996494
-2.375868
6.694348
0.473510
-10.493911
1.242905
-3.250301
-0.489484
5.174486
-4.150756
-9.369860
-3.370586
-0.973669
-1.812487
-3.021080
2.389406
0.502852
2.709392
0.211736
-2.725560
-2.572401
-5.999691
-5.614557
-2.692178
2.977632
-2.408464
-1.737029
2.440519
-0.517359
1.285167
-0.842784
-4.520862
0.199105
-12.873069
0.249922
-5.307752
0.184917
-4.371352
-3.382812
-1.070605
-0.794464
-0.352842
-6.904588
5.696126
0.086447
-1.462806
0.204972
-3.339276
1.086987
-10.335366
-9.583675
-11.222094
-0.155280
-3.628125
-7.849102
-2.606955
-1.914683
-3.910677
-2.529245
-2.354671
2.911793
1.882820
8.726835
-3.187598
4.231467
-1.850661
-14.545400
-5.896613
-0.624205
-7.777876
-9.363907
6.158477
-1.502054
-3.662538
-2.019489
-4.063122
-8.081529
-7.738171
-8.027187
-2.126478
-0.072829
8.596450
-3.436466
-6.797324
-2.117426
1.884660
-0.162807
2.777037
4.563992
2.157492
-0.007515
-2.651197
0.003704
-0.224197
-4.090683
2.980876
-0.488697
1.944276
1.089556
0.370007
2.789132
-0.129804
1.163443
0.137499
0.179347
-1.543387
0.503197
-3.819792
1.489555
-0.009648
1.071619
-1.766906
-0.241598
0.365524
-0.524151
-0.462985
-1.833386
0.109262
1.169656
0.661844
-0.163832
0.421639
-0.889725
-0.824856
-0.846395
-1.486760
-0.370194
0.322770
-2.065353
-0.024463
1.885253
0.108705
-0.784534
-0.913233
0.808930
-0.662387
-0.147011
-0.275207
0.279687
-0.506523
1.363064
-0.248239
-0.104048
0.335132
-0.147060
0.554222
0.241606
-0.508095
0.093040
0.275661
-0.693097
1.862721
-0.631712
1.382062
0.047835
-0.725559
-1.187387
1.303875
-0.161637
0.328050
-0.190873
0.576120
0.761228
0.081559
-0.130347
-0.585387
1.682789
-0.011563
-1.256426
-0.956010
1.490826
-0.691967
-1.330664
0.957977
-0.224942
0.293608
0.290967
-1.126722
-0.584039
-2.622534
0.138647
0.357410
-0.120204
0.112294
0.412903
-0.090547
0.701353
1.548632
0.178549
-1.284029
-1.810639
1.283593
0.012266
-1.624025
0.587239
0.467113
-1.951501
-0.481702
2.158982
0.565573
-1.741365
0.504257
-0.590171
-0.008465
-1.714561
0.046542
-0.900333
0.386579
-0.384427
-0.639699
-0.780775
-0.854301
2.410213
-0.593549
-0.239056
-1.579537
0.868509
1.126647
-0.325005
0.226186
-0.063948
1.004766
-0.157242
0.519301
0.465907
-0.238165
-0.485552
0.268250
-0.818009
-0.933960
-0.996745
-0.431627
-1.512768
1.523446
-0.653359
0.060859
2.246400
-0.278449
-0.329973
-0.039555
0.268632
0.161484
-1.129338
-0.606719
1.426221
0.186285
0.219434
1.867361
-0.353736
0.418465
-0.254404
0.686861
-0.473069
-0.757182
-0.257663
-0.746326
-0.082885
-0.419670
0.116642
-1.280334
0.341981
0.353395
-0.016706
0.350719
-0.141720
0.310164
0.221301
0.227184
1.581654
0.069257
0.415219
-0.369792
-0.503334
1.765175
-0.644172
0.905456
0.769000
-0.358524
0.448422
0.042191
1.335393
0.626858
0.067895
0.365174
-1.692919
-0.035630
0.282765
-0.377222
-0.065155
1.621719
0.051472
-2.710001
-1.871824
0.454007
0.972097
0.536157
-2.110412
-0.489403
-0.217399
1.358772
1.223866
1.070230
-1.418801
-0.154442
0.873863
0.183263
0.894356
-0.829056
-1.041324
0.333734
-0.443889
0.638966
0.882578
-1.954948
-1.024184
0.533145
0.230271
1.195233
-1.416235
-0.118722
-0.399015
-1.320115
0.133919
0.613861
-0.779376
0.027856
0.203527
-0.061742
-0.321070
-0.613998
-0.500741
0.043819
-1.342674
-0.344392
-0.325031
0.182099
-0.317606
0.565720
-1.734055
-0.708729
-1.452969
0.225142
-0.596559
-1.663383
-1.171541
-0.720819
0.166252
-0.997635
-1.249751
-0.402335
-0.038780
1.299777
0.950764
-0.537897
0.189095
0.218365
-0.193692
0.234999
-0.099864
0.701813
-0.989616
-0.079792
-0.476504
0.036308
0.504140
1.011053
0.025561
0.934283
0.260319
-0.029157
0.370755
-1.334096
0.850849
0.024536
1.412572
0.330386
0.564088
0.839850
-0.680815
1.507905
0.655626
0.339399
0.051892
-0.128116
0.050028
-0.311011
-1.401852
-0.038444
-0.926089
0.674013
-0.364020
-0.193235
-3.744529
0.245634
0.843349
-0.695741
0.354395
-0.354781
-0.192966
0.289806
-0.583513
-0.275269
0.193713
-0.008243
0.519237
0.154278
-0.024013
0.240477
-0.210978
1.227588
-0.730138
0.859712
0.665011
-0.880468
-0.036328
-0.132044
-0.360669
0.209232
-0.624482
-0.167409
-0.278362
0.609049
0.586281
0.415041
0.160717
0.075547
0.158626
0.197816
-0.294816
-0.249382
0.030714
0.326552
2.253308
0.532591
-1.263241
0.247435
0.229628
-0.257282
0.398806
-0.006616
0.207371
0.354451
0.648669
-0.788077
-1.957890
-0.326110
-2.165719
1.292534
2.573251
5.782848
-1.976436
-3.527773
-1.412950
-0.137682
-4.600431
3.527844
-2.688108
1.535563
-0.378555
-1.218589
2.568558
-1.107351
5.340956
-1.666604
-0.228165
3.379393
-4.756604
0.358718
-0.704987
-6.546884
-1.957703
-0.837222
-2.045096
-4.759949
-0.247638
-2.548340
0.331066
4.105935
-2.343077
-3.296391
-4.677294
2.372859
-1.089440
-5.124162
0.713668
-1.451935
-0.466984
0.602257
-0.755631
-0.393110
-0.485984
-0.150530
-0.394797
0.277987
0.440887
0.726998
1.167834
-1.112872
1.622235
0.685730
0.643313
-0.698495
-0.006027
-1.313062
0.452239
-0.028672
0.036601
-0.280939
0.240121
0.334515
0.460864
-0.123276
-1.620749
2.805160
0.237722
-0.611651
-0.431385
0.350541
0.984240
0.471157
0.223400
0.001194
0.279565
0.355617
-0.481288
-0.545944
0.885567
2.670425
0.101670
-0.533085
0.344598
-0.361459
-0.312308
-0.057438
0.142263
2.730433
-0.568217
1.673685
-0.182992
-0.779485
-1.641226
-4.357288
-3.886966
0.453865
-1.428585
1.181581
5.795548
-1.397744
-4.294034
-9.109016
2.319924
-0.055195
0.166565
1.717954
0.004534
-1.510061
-4.312921
-4.245080
1.439990
-8.278288
-7.267858
2.229806
4.092752
-2.764122
-2.408929
-3.215550
0.949677
-1.297572
0.375778
-0.485382
-0.063683
0.874964
1.361830
3.231334
-0.880577
-0.256722
0.559814
0.192814
0.623044
0.868238
0.312749
0.955246
2.079772
-0.801026
0.224470
-0.136413
-1.840717
-0.393631
-1.118093
2.732523
-0.110899
-0.669711
1.503983
-3.545368
-1.686259
-1.200919
0.142470
-0.448306
-1.382508
0.681204
1.402130
1.225131
2.613726
-3.367738
1.093770
-1.566630
3.351486
1.140235
-2.928500
-0.443277
-0.336194
0.028204
0.575039
-0.350393
0.927449
-1.442504
-0.379758
0.430854
-0.214971
-0.144772
0.251353
0.479867
0.240470
-1.251145
1.196575
-0.406286
0.308337
-0.018165
1.561653
-0.899220
-0.218725
-1.330326
-1.960538
-0.153218
-1.076156
0.414326
-1.417656
-1.187379
-1.677124
1.009436
-0.585950
-0.611953
-0.200544
-1.855080
0.064370
-0.431170
-0.128562
-4.684203
-0.212617
-0.645084
-0.264967
-0.915923
1.614405
-0.456208
1.166867
-1.581588
0.709078
-0.421382
-1.107665
-0.704376
-2.736324
0.442180
0.437527
-1.080076
1.592586
0.159696
0.157092
-0.116501
1.201644
-0.455288
-0.098238
-0.263079
-0.252134
0.130339
-0.279697
0.092264
0.765931
-0.249169
-0.478003
0.051639
0.183551
-1.217671
0.816226
-0.599270
-7.736359
-1.112798
-2.538260
-0.078585
-3.055619
-0.101425
-4.761117
-2.493497
1.097285
-2.883492
-0.322778
-3.040432
-4.760802
-7.637459
-6.727516
-6.527761
-10.059021
2.173518
-2.999793
0.876310
0.726122
-1.950802
-4.304543
1.119208
0.367570
2.061440
-0.494954
1.887569
-1.485019
-7.095679
3.104662
-0.506045
3.396722
-1.258218
3.697677
-1.823576
-3.142621
0.553243
1.387800
1.600806
-2.285297
-2.624168
-1.803393
-1.990552
-4.318501
-10.338717
-4.688745
0.809641
1.823286
-3.502853
-1.013474
-3.619661
-2.120356
-3.441339
1.190694
1.388711
-0.857901
-6.148587
-7.209274
1.563368
-1.643191
5.694933
3.405067
-1.061574
4.841885
-6.203538
0.119722
-4.221610
3.196125
0.081941
4.639000
-1.844285
3.905563
4.192399
-3.981815
-2.637077
1.737139
0.060730
-1.200440
2.173161
-3.697205
5.008604
4.601262
6.978255
-3.057085
-9.287479
0.139688
-3.756787
-3.476791
0.196063
-2.254487
-0.873982
-3.266526
3.944409
-3.526248
-4.775294
0.312406
-4.179811
-0.715284
0.326728
-2.121673
1.139782
0.707088
-2.571108
-4.736104
-6.358828
-3.693554
0.851762
4.190362
2.677676
4.644969
-1.765317
-1.791353
5.720193
0.356845
-7.298131
5.281301
-6.904137
-8.864882
3.644522
-1.594491
-13.161266
-1.152943
-0.149083
-1.048607
-7.069139
4.666719
-5.073699
4.905330
-3.231994
-5.262927
-3.003322
-0.238340
-4.066024
4.716028
-1.104582
-5.296741
-0.980108
-2.198732
-1.516982
-1.698331
2.659767
-1.297608
-1.733617
1.022446
1.002268
-1.167679
1.813932
-3.569849
-3.051370
0.571071
-0.176823
1.056865
-0.966681
-0.358259
2.558546
-2.779805
4.707265
5.760248
2.093304
-6.395410
3.139585
-4.109289
-3.585619
-6.229118
2.146992
-3.825531
-0.080586
-0.398085
-7.797077
0.473287
0.851966
-1.436747
0.428461
0.545253
1.097778
0.132684
-1.679634
-2.018136
-4.420345
0.461633
2.432917
2.029845
1.408191
4.621732
-2.621662
-4.554102
-3.134930
0.163973
4.091665
2.825215
2.705546
-3.746435
1.291231
5.943328
-2.283800
1.242746
-9.949978
2.135319
1.704044
7.305852
0.873533
-1.515391
3.454960
-0.925567
-3.694848
-6.677239
1.870229
-0.417057
0.376108
-0.803452
-3.212938
1.163849
1.173151
3.276878
-1.259186
-4.099020
3.958116
-6.069809
7.736310
-3.018906
-2.577202
4.466051
1.172958
-0.548294
1.087530
-4.679938
-5.323280
-2.865630
-0.073047
3.113751
-15.056834
-1.913668
1.753918
0.320898
0.667833
4.470499
1.918604
1.790018
-7.366587
-1.959036
-8.053238
1.485598
-4.247460
3.157505
-0.642309
-0.327475
-5.480528
0.337080
-0.617852
-0.313419
-2.559813
-0.199734
1.916451
-6.449245
1.194783
-0.379153
3.941928
-6.568816
-2.878949
-2.909191
-5.171326
2.700677
-4.585863
0.774419
-9.228277
-0.755656
4.938373
-3.650057
-4.293940
-3.649907
-1.468199
-0.126976
-3.787392
7.457897
-4.452424
-3.639680
-3.054300
5.248787
-3.285923
-4.100553
-4.890444
-2.587328
1.136957
-0.763505
-0.098463
5.514552
-2.802552
2.645393
-6.859531
-1.829222
-2.188992
-4.280653
-1.685972
0.932754
-7.246535
3.225374
-3.037067
-2.433867
-7.535687
-2.897336
-5.732422
4.284976
1.658787
-0.060459
-2.050752
1.694301
-4.441326
-7.497875
-3.279325
-2.098504
5.664757
-2.139193
3.557959
0.416409
-2.952599
-5.067887
3.918891
2.284353
-6.496958
-1.826380
-0.971856
-0.433318
-0.259775
0.306210
2.859491
0.740562
0.991043
0.739161
0.014774
-0.958346
-1.504966
0.253213
-3.233485
-1.473937
-5.655810
-1.426491
-5.867237
0.555581
1.386037
-1.909843
-3.388736
-0.851477
0.692462
0.377632
-2.334736
-3.947082
-2.793585
-1.931063
-2.642154
0.451377
-4.378033
-0.150124
-3.406810
0.461246
-0.020038